group	fill	clickSelects
1	#FFFFFF	821
2	#FFFFFF	821
3	#FFFFFF	821
4	#FFFFFF	142
5	#FFFFFF	142
6	#FFFFFF	142
7	#FFFFFF	142
8	#FFFFFF	142
9	#FFFFFF	142
10	#FFFFFF	142
11	#FFFFFF	142
12	#FFFFFF	142
13	#FFFFFF	142
14	#FFFFFF	821
15	#FFFFFF	142
16	#FFFFFF	142
17	#FFFFFF	142
18	#FFFFFF	142
19	#FFFFFF	142
20	#FFFFFF	142
21	#FFFFFF	1016
22	#FFFFFF	1016
23	#FFFFFF	1016
24	#FFFFFF	1016
25	#FFFFFF	821
26	#FFFFFF	142
27	#FFFFFF	142
28	#FFFFFF	142
29	#FFFFFF	142
30	#FFFFFF	142
31	#FFFFFF	142
32	#FFFFFF	512
33	#FFFFFF	512
34	#FFFFFF	142
35	#FFFFFF	142
36	#FFFFFF	821
37	#FFFFFF	512
38	#FFFFFF	512
39	#FFFFFF	512
40	#FFFFFF	512
41	#FFFFFF	512
42	#FFFFFF	512
43	#FFFFFF	512
44	#FFFFFF	512
45	#FFFFFF	512
46	#FFFFFF	821
47	#FFFFFF	142
48	#FFFFFF	142
49	#FFFFFF	142
50	#FFFFFF	142
51	#FFFFFF	821
52	#FFFFFF	821
53	#FFFFFF	821
54	#FFFFFF	142
55	#FFFFFF	142
56	#FFFFFF	142
57	#FFFFFF	142
58	#FFFFFF	142
59	#FFFFFF	142
60	#FFFFFF	142
61	#FFFFFF	142
62	#FFFFFF	142
63	#FFFFFF	142
64	#FFFFFF	821
65	#FFFFFF	142
66	#FFFFFF	142
67	#FFFFFF	142
68	#FFFFFF	142
69	#FFFFFF	142
70	#FFFFFF	142
71	#FFFFFF	142
72	#FFFFFF	142
73	#FFFFFF	1016
74	#FFFFFF	1016
75	#FFFFFF	821
76	#FFFFFF	142
77	#FFFFFF	142
78	#FFFFFF	142
79	#FFFFFF	142
80	#FFFFFF	142
81	#FFFFFF	142
82	#FFFFFF	512
83	#FFFFFF	512
84	#FFFFFF	142
85	#FFFFFF	142
86	#FFFFFF	821
87	#FFFFFF	512
88	#FFFFFF	512
89	#FFFFFF	512
90	#FFFFFF	512
91	#FFFFFF	512
92	#FFFFFF	512
93	#FFFFFF	512
94	#FFFFFF	512
95	#FFFFFF	512
96	#FFFFFF	512
97	#FFFFFF	821
98	#FFFFFF	821
99	#FFFFFF	142
100	#FFFFFF	142
101	#FFFFFF	142
102	#FFFFFF	821
103	#FFFFFF	821
104	#FFFFFF	821
105	#FFFFFF	142
106	#FFFFFF	142
107	#FFFFFF	142
108	#FFFFFF	142
109	#FFFFFF	142
110	#FFFFFF	142
111	#FFFFFF	142
112	#FFFFFF	142
113	#FFFFFF	142
114	#FFFFFF	142
115	#FFFFFF	821
116	#FFFFFF	142
117	#FFFFFF	142
118	#FFFFFF	142
119	#FFFFFF	142
120	#FFFFFF	142
121	#FFFFFF	142
122	#FFFFFF	142
123	#FFFFFF	142
124	#FFFFFF	1016
125	#FFFFFF	142
126	#FFFFFF	821
127	#FFFFFF	142
128	#FFFFFF	142
129	#FFFFFF	142
130	#FFFFFF	142
131	#FFFFFF	142
132	#FFFFFF	142
133	#FFFFFF	512
134	#FFFFFF	512
135	#FFFFFF	142
136	#FFFFFF	142
137	#FFFFFF	821
138	#FFFFFF	512
139	#FFFFFF	512
140	#FFFFFF	512
141	#FFFFFF	512
142	#FFFFFF	512
143	#FFFFFF	512
144	#FFFFFF	512
145	#FFFFFF	512
146	#FFFFFF	512
147	#FFFFFF	821
148	#FFFFFF	821
149	#FFFFFF	142
150	#FFFFFF	142
151	#FFFFFF	142
152	#FFFFFF	142
153	#FFFFFF	821
154	#FFFFFF	821
155	#FFFFFF	142
156	#FFFFFF	142
157	#FFFFFF	142
158	#FFFFFF	142
159	#FFFFFF	142
160	#FFFFFF	1016
161	#FFFFFF	1016
162	#FFFFFF	142
163	#FFFFFF	1016
164	#FFFFFF	1016
165	#FFFFFF	821
166	#FFFFFF	1016
167	#FFFFFF	1016
168	#FFFFFF	1016
169	#FFFFFF	1016
170	#FFFFFF	1016
171	#FFFFFF	1016
172	#FFFFFF	1016
173	#FFFFFF	1016
174	#FFFFFF	1016
175	#FFFFFF	1016
176	#FFFFFF	821
177	#FFFFFF	1016
178	#FFFFFF	142
179	#FFFFFF	1016
180	#FFFFFF	1016
181	#FFFFFF	142
182	#FFFFFF	1016
183	#FFFFFF	142
184	#FFFFFF	142
185	#FFFFFF	142
186	#FFFFFF	142
187	#FFFFFF	821
188	#FFFFFF	142
189	#FFFFFF	142
190	#FFFFFF	142
191	#FFFFFF	142
192	#FFFFFF	142
193	#FFFFFF	142
195	#FFFFFF	512
196	#FFFFFF	512
197	#FFFFFF	512
198	#FFFFFF	142
199	#FFFFFF	821
200	#FFFFFF	142
201	#FFFFFF	142
202	#FFFFFF	142
203	#FFFFFF	142
204	#FFFFFF	142
205	#FFFFFF	821
206	#FFFFFF	142
207	#FFFFFF	142
208	#FFFFFF	142
209	#FFFFFF	142
210	#FFFFFF	1016
211	#FFFFFF	1016
212	#FFFFFF	1016
213	#FFFFFF	142
214	#FFFFFF	1016
215	#FFFFFF	1016
216	#FFFFFF	821
217	#FFFFFF	1016
218	#FFFFFF	1016
219	#FFFFFF	1016
220	#FFFFFF	1016
221	#FFFFFF	1016
222	#FFFFFF	1016
223	#FFFFFF	1016
224	#FFFFFF	1016
225	#FFFFFF	1016
226	#FFFFFF	1016
227	#FFFFFF	821
228	#FFFFFF	1016
229	#FFFFFF	142
230	#FFFFFF	142
231	#FFFFFF	142
232	#FFFFFF	142
233	#FFFFFF	1016
234	#FFFFFF	142
235	#FFFFFF	142
236	#FFFFFF	142
237	#FFFFFF	142
238	#FFFFFF	142
239	#FFFFFF	142
240	#FFFFFF	142
241	#FFFFFF	142
242	#FFFFFF	142
243	#FFFFFF	142
244	#FFFFFF	142
245	#FFFFFF	512
246	#FFFFFF	512
247	#FFFFFF	512
248	#FFFFFF	821
249	#FFFFFF	142
250	#FFFFFF	142
251	#FFFFFF	142
252	#FFFFFF	142
253	#FFFFFF	142
254	#FFFFFF	142
255	#FFFFFF	821
256	#FFFFFF	142
257	#FFFFFF	142
258	#FFFFFF	142
259	#FFFFFF	142
260	#FFFFFF	142
261	#FFFFFF	1016
262	#FFFFFF	1016
263	#FFFFFF	142
264	#FFFFFF	142
265	#FFFFFF	1016
266	#FFFFFF	821
267	#FFFFFF	1016
268	#FFFFFF	1016
269	#FFFFFF	1016
270	#FFFFFF	1016
271	#FFFFFF	1016
272	#FFFFFF	1016
273	#FFFFFF	1016
274	#FFFFFF	1016
275	#FFFFFF	1016
276	#FFFFFF	1016
277	#FFFFFF	821
278	#FFFFFF	1016
279	#FFFFFF	1016
280	#FFFFFF	142
281	#FFFFFF	142
282	#FFFFFF	142
283	#FFFFFF	142
284	#FFFFFF	1016
285	#FFFFFF	142
286	#FFFFFF	142
287	#FFFFFF	142
288	#FFFFFF	821
289	#FFFFFF	142
290	#FFFFFF	142
291	#FFFFFF	142
292	#FFFFFF	142
293	#FFFFFF	142
294	#FFFFFF	142
296	#FFFFFF	512
298	#FFFFFF	512
299	#FFFFFF	142
300	#FFFFFF	821
301	#FFFFFF	142
302	#FFFFFF	142
303	#FFFFFF	142
304	#FFFFFF	142
305	#FFFFFF	142
306	#FFFFFF	142
307	#FFFFFF	142
308	#FFFFFF	142
309	#FFFFFF	1016
310	#FFFFFF	142
311	#FFFFFF	1016
312	#FFFFFF	1016
313	#FFFFFF	142
314	#FFFFFF	1016
315	#FFFFFF	1016
316	#FFFFFF	1016
317	#FFFFFF	821
318	#FFFFFF	1016
319	#FFFFFF	1016
320	#FFFFFF	1016
321	#FFFFFF	1016
322	#FFFFFF	1016
323	#FFFFFF	1016
324	#FFFFFF	1016
325	#FFFFFF	1016
326	#FFFFFF	1016
327	#FFFFFF	1016
328	#FFFFFF	821
329	#FFFFFF	1016
330	#FFFFFF	1016
331	#FFFFFF	142
332	#FFFFFF	142
333	#FFFFFF	142
334	#FFFFFF	142
335	#FFFFFF	1016
336	#FFFFFF	142
337	#FFFFFF	142
338	#FFFFFF	142
339	#FFFFFF	821
340	#FFFFFF	142
341	#FFFFFF	142
342	#FFFFFF	142
343	#FFFFFF	142
344	#FFFFFF	142
346	#FFFFFF	512
347	#FFFFFF	512
348	#FFFFFF	512
349	#FFFFFF	142
350	#FFFFFF	142
351	#FFFFFF	142
352	#FFFFFF	142
353	#FFFFFF	142
354	#FFFFFF	142
355	#FFFFFF	142
356	#FFFFFF	142
357	#FFFFFF	142
358	#FFFFFF	142
359	#FFFFFF	142
360	#FFFFFF	1016
361	#FFFFFF	1016
362	#FFFFFF	1016
363	#FFFFFF	142
364	#FFFFFF	142
365	#FFFFFF	1016
366	#FFFFFF	1016
367	#FFFFFF	142
368	#FFFFFF	1016
369	#FFFFFF	1016
370	#FFFFFF	1016
371	#FFFFFF	1016
372	#FFFFFF	1016
373	#FFFFFF	1016
374	#FFFFFF	1016
375	#FFFFFF	1016
376	#FFFFFF	1016
377	#FFFFFF	1016
378	#FFFFFF	142
379	#FFFFFF	1016
380	#FFFFFF	1016
381	#FFFFFF	142
382	#FFFFFF	142
383	#FFFFFF	142
384	#FFFFFF	142
385	#FFFFFF	142
386	#FFFFFF	142
387	#FFFFFF	142
388	#FFFFFF	142
389	#FFFFFF	821
390	#FFFFFF	142
391	#FFFFFF	142
392	#FFFFFF	142
393	#FFFFFF	142
394	#FFFFFF	142
395	#FFFFFF	512
396	#FFFFFF	121
397	#FFFFFF	512
398	#FFFFFF	512
399	#FFFFFF	512
400	#FFFFFF	142
401	#FFFFFF	142
402	#FFFFFF	142
403	#FFFFFF	142
404	#FFFFFF	142
405	#FFFFFF	142
406	#FFFFFF	142
407	#FFFFFF	142
408	#FFFFFF	142
409	#FFFFFF	142
410	#FFFFFF	142
411	#FFFFFF	1016
412	#FFFFFF	1016
413	#FFFFFF	142
414	#FFFFFF	142
415	#FFFFFF	142
416	#FFFFFF	1016
417	#FFFFFF	1016
418	#FFFFFF	142
419	#FFFFFF	142
420	#FFFFFF	142
421	#FFFFFF	1016
422	#FFFFFF	142
423	#FFFFFF	1016
424	#FFFFFF	1016
425	#FFFFFF	1016
426	#FFFFFF	1016
427	#FFFFFF	1016
428	#FFFFFF	1016
429	#FFFFFF	142
430	#FFFFFF	1016
431	#FFFFFF	142
432	#FFFFFF	142
433	#FFFFFF	142
434	#FFFFFF	142
435	#FFFFFF	142
436	#FFFFFF	142
437	#FFFFFF	142
438	#FFFFFF	142
439	#FFFFFF	142
440	#FFFFFF	821
441	#FFFFFF	142
442	#FFFFFF	142
443	#FFFFFF	142
444	#FFFFFF	142
445	#FFFFFF	142
446	#FFFFFF	142
447	#FFFFFF	121
448	#FFFFFF	512
449	#FFFFFF	121
450	#FFFFFF	142
451	#FFFFFF	142
452	#FFFFFF	142
453	#FFFFFF	142
454	#FFFFFF	142
455	#FFFFFF	142
456	#FFFFFF	142
457	#FFFFFF	142
458	#FFFFFF	142
459	#FFFFFF	142
460	#FFFFFF	142
461	#FFFFFF	142
462	#FFFFFF	1016
463	#FFFFFF	1016
464	#FFFFFF	142
465	#FFFFFF	142
466	#FFFFFF	142
467	#FFFFFF	1016
468	#FFFFFF	142
469	#FFFFFF	142
470	#FFFFFF	142
471	#FFFFFF	142
472	#FFFFFF	142
473	#FFFFFF	1016
474	#FFFFFF	1016
475	#FFFFFF	1016
476	#FFFFFF	1016
477	#FFFFFF	1016
478	#FFFFFF	1016
479	#FFFFFF	142
480	#FFFFFF	1016
481	#FFFFFF	142
482	#FFFFFF	142
483	#FFFFFF	142
484	#FFFFFF	142
485	#FFFFFF	142
486	#FFFFFF	142
487	#FFFFFF	142
488	#FFFFFF	142
489	#FFFFFF	142
490	#FFFFFF	821
491	#FFFFFF	142
492	#FFFFFF	142
493	#FFFFFF	142
494	#FFFFFF	142
495	#FFFFFF	142
496	#FFFFFF	142
497	#FFFFFF	142
498	#FFFFFF	121
499	#FFFFFF	121
501	#FFFFFF	821
502	#FFFFFF	821
503	#FFFFFF	821
504	#FFFFFF	142
505	#FFFFFF	142
506	#FFFFFF	142
507	#FFFFFF	142
508	#FFFFFF	142
509	#FFFFFF	142
510	#FFFFFF	142
511	#FFFFFF	142
512	#FFFFFF	142
513	#FFFFFF	1016
514	#FFFFFF	142
515	#FFFFFF	142
516	#FFFFFF	142
517	#FFFFFF	142
518	#FFFFFF	142
519	#FFFFFF	142
520	#FFFFFF	142
521	#FFFFFF	142
522	#FFFFFF	142
523	#FFFFFF	142
524	#FFFFFF	1016
525	#FFFFFF	1016
526	#FFFFFF	1016
527	#FFFFFF	1016
528	#FFFFFF	1016
529	#FFFFFF	1016
530	#FFFFFF	142
531	#FFFFFF	142
532	#FFFFFF	142
533	#FFFFFF	142
534	#FFFFFF	142
535	#FFFFFF	142
536	#FFFFFF	142
537	#FFFFFF	142
538	#FFFFFF	142
539	#FFFFFF	142
540	#FFFFFF	142
541	#FFFFFF	142
542	#FFFFFF	142
543	#FFFFFF	142
544	#FFFFFF	142
545	#FFFFFF	142
546	#FFFFFF	142
547	#FFFFFF	142
548	#FFFFFF	121
549	#FFFFFF	121
550	#FFFFFF	121
551	#FFFFFF	821
552	#FFFFFF	821
553	#FFFFFF	142
554	#FFFFFF	142
555	#FFFFFF	142
556	#FFFFFF	142
557	#FFFFFF	142
558	#FFFFFF	142
559	#FFFFFF	142
560	#FFFFFF	142
561	#FFFFFF	142
562	#FFFFFF	142
563	#FFFFFF	1016
564	#FFFFFF	142
565	#FFFFFF	142
566	#FFFFFF	142
567	#FFFFFF	142
568	#FFFFFF	142
569	#FFFFFF	142
570	#FFFFFF	142
571	#FFFFFF	142
572	#FFFFFF	142
573	#FFFFFF	142
574	#FFFFFF	1016
575	#FFFFFF	1016
576	#FFFFFF	1016
577	#FFFFFF	1016
578	#FFFFFF	1016
579	#FFFFFF	1016
580	#FFFFFF	142
581	#FFFFFF	1016
582	#FFFFFF	142
583	#FFFFFF	142
584	#FFFFFF	142
585	#FFFFFF	142
586	#FFFFFF	142
587	#FFFFFF	142
588	#FFFFFF	142
589	#FFFFFF	142
590	#FFFFFF	1017
591	#FFFFFF	142
592	#FFFFFF	1017
593	#FFFFFF	142
594	#FFFFFF	1017
595	#FFFFFF	142
596	#FFFFFF	121
597	#FFFFFF	121
598	#FFFFFF	121
599	#FFFFFF	121
600	#FFFFFF	121
601	#FFFFFF	121
602	#FFFFFF	142
603	#FFFFFF	142
604	#FFFFFF	821
605	#FFFFFF	821
606	#FFFFFF	142
607	#FFFFFF	142
608	#FFFFFF	142
609	#FFFFFF	142
610	#FFFFFF	142
611	#FFFFFF	142
612	#FFFFFF	142
613	#FFFFFF	142
614	#FFFFFF	142
615	#FFFFFF	142
616	#FFFFFF	142
617	#FFFFFF	142
618	#FFFFFF	142
619	#FFFFFF	142
620	#FFFFFF	142
621	#FFFFFF	142
622	#FFFFFF	142
623	#FFFFFF	142
624	#FFFFFF	142
625	#FFFFFF	1016
626	#FFFFFF	1016
627	#FFFFFF	1016
628	#FFFFFF	1016
629	#FFFFFF	1016
630	#FFFFFF	1016
631	#FFFFFF	142
632	#FFFFFF	1016
633	#FFFFFF	142
634	#FFFFFF	142
635	#FFFFFF	142
636	#FFFFFF	142
637	#FFFFFF	142
638	#FFFFFF	142
639	#FFFFFF	142
640	#FFFFFF	142
641	#FFFFFF	1017
642	#FFFFFF	142
643	#FFFFFF	1017
644	#FFFFFF	1017
645	#FFFFFF	1017
646	#FFFFFF	121
647	#FFFFFF	121
648	#FFFFFF	121
649	#FFFFFF	121
650	#FFFFFF	121
651	#FFFFFF	121
652	#FFFFFF	142
653	#FFFFFF	142
654	#FFFFFF	821
655	#FFFFFF	142
656	#FFFFFF	142
657	#FFFFFF	142
658	#FFFFFF	142
659	#FFFFFF	142
660	#FFFFFF	142
661	#FFFFFF	142
662	#FFFFFF	142
663	#FFFFFF	142
664	#FFFFFF	142
665	#FFFFFF	142
666	#FFFFFF	142
667	#FFFFFF	142
668	#FFFFFF	142
669	#FFFFFF	142
670	#FFFFFF	142
671	#FFFFFF	142
672	#FFFFFF	142
673	#FFFFFF	142
674	#FFFFFF	142
675	#FFFFFF	142
676	#FFFFFF	1016
677	#FFFFFF	1016
678	#FFFFFF	1016
679	#FFFFFF	1016
680	#FFFFFF	1016
681	#FFFFFF	142
682	#FFFFFF	1016
683	#FFFFFF	1016
684	#FFFFFF	142
685	#FFFFFF	142
686	#FFFFFF	142
687	#FFFFFF	142
688	#FFFFFF	142
689	#FFFFFF	142
690	#FFFFFF	1017
691	#FFFFFF	1017
692	#FFFFFF	142
693	#FFFFFF	121
694	#FFFFFF	1017
695	#FFFFFF	121
696	#FFFFFF	1017
697	#FFFFFF	121
698	#FFFFFF	121
699	#FFFFFF	121
700	#FFFFFF	121
701	#FFFFFF	121
702	#FFFFFF	121
703	#FFFFFF	142
704	#FFFFFF	142
705	#FFFFFF	142
706	#FFFFFF	821
707	#FFFFFF	142
708	#FFFFFF	142
709	#FFFFFF	142
710	#FFFFFF	142
711	#FFFFFF	142
712	#FFFFFF	142
713	#FFFFFF	142
714	#FFFFFF	142
715	#FFFFFF	142
716	#FFFFFF	142
717	#FFFFFF	142
718	#FFFFFF	142
719	#FFFFFF	142
720	#FFFFFF	142
721	#FFFFFF	142
722	#FFFFFF	142
723	#FFFFFF	142
724	#FFFFFF	142
725	#FFFFFF	142
726	#FFFFFF	142
727	#FFFFFF	1016
728	#FFFFFF	1016
729	#FFFFFF	142
730	#FFFFFF	1016
731	#FFFFFF	1016
732	#FFFFFF	142
733	#FFFFFF	142
734	#FFFFFF	1016
735	#FFFFFF	142
736	#FFFFFF	142
737	#FFFFFF	142
738	#FFFFFF	142
739	#FFFFFF	142
740	#FFFFFF	142
741	#FFFFFF	1017
742	#FFFFFF	1017
743	#FFFFFF	142
744	#FFFFFF	121
745	#FFFFFF	121
746	#FFFFFF	1017
747	#FFFFFF	1017
748	#FFFFFF	121
749	#FFFFFF	121
750	#FFFFFF	121
751	#FFFFFF	121
752	#FFFFFF	121
753	#FFFFFF	142
754	#FFFFFF	142
755	#FFFFFF	821
756	#FFFFFF	821
757	#FFFFFF	142
758	#FFFFFF	142
759	#FFFFFF	142
760	#FFFFFF	142
761	#FFFFFF	142
762	#FFFFFF	142
763	#FFFFFF	142
764	#FFFFFF	142
765	#FFFFFF	142
766	#FFFFFF	142
767	#FFFFFF	142
768	#FFFFFF	142
769	#FFFFFF	142
770	#FFFFFF	142
771	#FFFFFF	142
772	#FFFFFF	142
773	#FFFFFF	142
774	#FFFFFF	142
775	#FFFFFF	142
776	#FFFFFF	142
777	#FFFFFF	1016
778	#FFFFFF	1016
779	#FFFFFF	142
780	#FFFFFF	142
781	#FFFFFF	142
782	#FFFFFF	142
783	#FFFFFF	142
784	#FFFFFF	142
785	#FFFFFF	142
786	#FFFFFF	142
787	#FFFFFF	142
788	#FFFFFF	142
789	#FFFFFF	142
790	#FFFFFF	1017
791	#FFFFFF	1017
792	#FFFFFF	121
793	#FFFFFF	142
794	#FFFFFF	121
795	#FFFFFF	121
796	#FFFFFF	1017
797	#FFFFFF	1017
798	#FFFFFF	1017
799	#FFFFFF	1017
800	#FFFFFF	121
801	#FFFFFF	121
802	#FFFFFF	121
803	#FFFFFF	121
804	#FFFFFF	142
805	#FFFFFF	142
806	#FFFFFF	142
807	#FFFFFF	142
808	#FFFFFF	142
809	#FFFFFF	142
810	#FFFFFF	142
811	#FFFFFF	142
812	#FFFFFF	142
813	#FFFFFF	142
814	#FFFFFF	142
815	#FFFFFF	142
816	#FFFFFF	142
817	#FFFFFF	142
818	#FFFFFF	142
819	#FFFFFF	142
820	#FFFFFF	142
821	#FFFFFF	142
822	#FFFFFF	142
823	#FFFFFF	142
824	#FFFFFF	142
825	#FFFFFF	142
826	#FFFFFF	1016
827	#FFFFFF	1016
828	#FFFFFF	1016
829	#FFFFFF	1016
830	#FFFFFF	142
831	#FFFFFF	142
832	#FFFFFF	142
833	#FFFFFF	142
834	#FFFFFF	142
835	#FFFFFF	142
836	#FFFFFF	1017
837	#FFFFFF	142
838	#FFFFFF	1017
839	#FFFFFF	142
840	#FFFFFF	1017
841	#FFFFFF	1017
842	#FFFFFF	121
843	#FFFFFF	121
844	#FFFFFF	142
845	#FFFFFF	121
846	#FFFFFF	121
848	#FFFFFF	121
849	#FFFFFF	1017
850	#FFFFFF	121
851	#FFFFFF	121
852	#FFFFFF	121
853	#FFFFFF	121
854	#FFFFFF	142
855	#FFFFFF	142
856	#FFFFFF	142
857	#FFFFFF	142
858	#FFFFFF	142
859	#FFFFFF	142
860	#FFFFFF	142
861	#FFFFFF	142
862	#FFFFFF	142
863	#FFFFFF	142
864	#FFFFFF	142
865	#FFFFFF	142
866	#FFFFFF	142
867	#FFFFFF	142
868	#FFFFFF	142
869	#FFFFFF	142
870	#FFFFFF	142
871	#FFFFFF	142
872	#FFFFFF	142
873	#FFFFFF	142
874	#FFFFFF	142
875	#FFFFFF	142
876	#FFFFFF	1016
877	#FFFFFF	1016
878	#FFFFFF	1016
879	#FFFFFF	1016
880	#FFFFFF	142
881	#FFFFFF	142
882	#FFFFFF	142
883	#FFFFFF	142
884	#FFFFFF	142
885	#FFFFFF	1017
886	#FFFFFF	1017
887	#FFFFFF	1017
888	#FFFFFF	142
889	#FFFFFF	1017
890	#FFFFFF	1017
891	#FFFFFF	1017
892	#FFFFFF	1017
893	#FFFFFF	121
894	#FFFFFF	142
895	#FFFFFF	121
896	#FFFFFF	121
897	#FFFFFF	1017
898	#FFFFFF	121
899	#FFFFFF	121
900	#FFFFFF	121
901	#FFFFFF	121
902	#FFFFFF	121
903	#FFFFFF	121
904	#FFFFFF	121
905	#FFFFFF	142
906	#FFFFFF	142
907	#FFFFFF	142
908	#FFFFFF	142
909	#FFFFFF	142
910	#FFFFFF	142
911	#FFFFFF	142
912	#FFFFFF	142
913	#FFFFFF	142
914	#FFFFFF	142
915	#FFFFFF	142
916	#FFFFFF	142
917	#FFFFFF	142
918	#FFFFFF	142
919	#FFFFFF	142
920	#FFFFFF	142
921	#FFFFFF	142
922	#FFFFFF	142
923	#FFFFFF	142
924	#FFFFFF	142
925	#FFFFFF	142
926	#FFFFFF	142
927	#FFFFFF	1016
928	#FFFFFF	1016
929	#FFFFFF	1016
930	#FFFFFF	1016
931	#FFFFFF	142
932	#FFFFFF	142
933	#FFFFFF	142
934	#FFFFFF	142
935	#FFFFFF	1017
936	#FFFFFF	1017
937	#FFFFFF	1017
938	#FFFFFF	142
939	#FFFFFF	1017
940	#FFFFFF	1017
941	#FFFFFF	1017
942	#FFFFFF	1017
943	#FFFFFF	121
944	#FFFFFF	1375
945	#FFFFFF	142
946	#FFFFFF	121
947	#FFFFFF	1017
948	#FFFFFF	1017
949	#FFFFFF	121
950	#FFFFFF	121
951	#FFFFFF	121
952	#FFFFFF	121
953	#FFFFFF	121
954	#FFFFFF	121
955	#FFFFFF	142
956	#FFFFFF	142
957	#FFFFFF	142
958	#FFFFFF	142
959	#FFFFFF	142
960	#FFFFFF	142
961	#FFFFFF	142
962	#FFFFFF	142
963	#FFFFFF	142
964	#FFFFFF	142
965	#FFFFFF	142
966	#FFFFFF	142
967	#FFFFFF	142
968	#FFFFFF	142
969	#FFFFFF	142
970	#FFFFFF	142
971	#FFFFFF	142
972	#FFFFFF	142
973	#FFFFFF	142
974	#FFFFFF	142
975	#FFFFFF	142
976	#FFFFFF	142
977	#FFFFFF	142
978	#FFFFFF	1016
979	#FFFFFF	1016
980	#FFFFFF	1016
981	#FFFFFF	142
982	#FFFFFF	142
983	#FFFFFF	142
984	#FFFFFF	142
985	#FFFFFF	142
986	#FFFFFF	142
987	#FFFFFF	1017
988	#FFFFFF	1017
989	#FFFFFF	1017
990	#FFFFFF	1017
991	#FFFFFF	121
992	#FFFFFF	1017
993	#FFFFFF	121
994	#FFFFFF	1375
995	#FFFFFF	142
996	#FFFFFF	121
998	#FFFFFF	121
999	#FFFFFF	121
1000	#FFFFFF	121
1001	#FFFFFF	121
1002	#FFFFFF	121
1003	#FFFFFF	121
1004	#FFFFFF	121
1005	#FFFFFF	121
1006	#FFFFFF	142
1007	#FFFFFF	142
1008	#FFFFFF	142
1009	#FFFFFF	142
1010	#FFFFFF	142
1011	#FFFFFF	142
1012	#FFFFFF	142
1013	#FFFFFF	142
1014	#FFFFFF	142
1015	#FFFFFF	142
1016	#FFFFFF	142
1017	#FFFFFF	142
1018	#FFFFFF	142
1019	#FFFFFF	142
1020	#FFFFFF	142
1021	#FFFFFF	142
1022	#FFFFFF	142
1023	#FFFFFF	142
1024	#FFFFFF	142
1025	#FFFFFF	142
1026	#FFFFFF	142
1027	#FFFFFF	142
1028	#FFFFFF	1016
1029	#FFFFFF	1016
1030	#FFFFFF	1016
1031	#FFFFFF	142
1032	#FFFFFF	142
1033	#FFFFFF	142
1034	#FFFFFF	142
1035	#FFFFFF	142
1036	#FFFFFF	142
1037	#FFFFFF	1017
1038	#FFFFFF	1017
1039	#FFFFFF	1017
1040	#FFFFFF	1017
1041	#FFFFFF	121
1042	#FFFFFF	121
1043	#FFFFFF	121
1044	#FFFFFF	121
1045	#FFFFFF	1375
1046	#FFFFFF	142
1047	#FFFFFF	121
1048	#FFFFFF	121
1049	#FFFFFF	1375
1050	#FFFFFF	121
1051	#FFFFFF	121
1052	#FFFFFF	121
1053	#FFFFFF	121
1054	#FFFFFF	121
1055	#FFFFFF	121
1056	#FFFFFF	142
1057	#FFFFFF	142
1058	#FFFFFF	142
1059	#FFFFFF	142
1060	#FFFFFF	142
1061	#FFFFFF	142
1062	#FFFFFF	142
1063	#FFFFFF	142
1064	#FFFFFF	142
1065	#FFFFFF	142
1066	#FFFFFF	142
1067	#FFFFFF	142
1068	#FFFFFF	142
1069	#FFFFFF	142
1070	#FFFFFF	142
1071	#FFFFFF	142
1072	#FFFFFF	142
1073	#FFFFFF	142
1074	#FFFFFF	142
1075	#FFFFFF	142
1076	#FFFFFF	142
1077	#FFFFFF	142
1078	#FFFFFF	142
1079	#FFFFFF	142
1080	#FFFFFF	142
1081	#FFFFFF	142
1082	#FFFFFF	142
1083	#FFFFFF	142
1084	#FFFFFF	142
1085	#FFFFFF	142
1086	#FFFFFF	142
1087	#FFFFFF	142
1088	#FFFFFF	1017
1089	#FFFFFF	1017
1090	#FFFFFF	1017
1091	#FFFFFF	121
1092	#FFFFFF	121
1093	#FFFFFF	121
1094	#FFFFFF	1017
1095	#FFFFFF	121
1096	#FFFFFF	142
1097	#FFFFFF	1375
1098	#FFFFFF	121
1099	#FFFFFF	1375
1100	#FFFFFF	121
1101	#FFFFFF	121
1102	#FFFFFF	121
1103	#FFFFFF	121
1104	#FFFFFF	121
1105	#FFFFFF	121
1106	#FFFFFF	121
1107	#FFFFFF	142
1108	#FFFFFF	142
1109	#FFFFFF	142
1110	#FFFFFF	142
1111	#FFFFFF	142
1112	#FFFFFF	142
1113	#FFFFFF	142
1114	#FFFFFF	142
1115	#FFFFFF	142
1116	#FFFFFF	142
1117	#FFFFFF	142
1118	#FFFFFF	142
1119	#FFFFFF	142
1120	#FFFFFF	142
1121	#FFFFFF	142
1122	#FFFFFF	142
1123	#FFFFFF	142
1124	#FFFFFF	142
1125	#FFFFFF	142
1126	#FFFFFF	142
1127	#FFFFFF	142
1128	#FFFFFF	142
1129	#FFFFFF	142
1130	#FFFFFF	142
1131	#FFFFFF	142
1132	#FFFFFF	142
1133	#FFFFFF	142
1134	#FFFFFF	142
1135	#FFFFFF	142
1136	#FFFFFF	142
1137	#FFFFFF	142
1138	#FFFFFF	1017
1139	#FFFFFF	1017
1140	#FFFFFF	1017
1141	#FFFFFF	1017
1142	#FFFFFF	121
1143	#FFFFFF	121
1144	#FFFFFF	1017
1145	#FFFFFF	1017
1146	#FFFFFF	121
1147	#FFFFFF	142
1148	#FFFFFF	1375
1149	#FFFFFF	1375
1150	#FFFFFF	121
1151	#FFFFFF	121
1152	#FFFFFF	121
1153	#FFFFFF	121
1154	#FFFFFF	121
1155	#FFFFFF	121
1156	#FFFFFF	121
1157	#FFFFFF	142
1158	#FFFFFF	142
1159	#FFFFFF	142
1160	#FFFFFF	142
1161	#FFFFFF	142
1162	#FFFFFF	821
1163	#FFFFFF	821
1164	#FFFFFF	821
1165	#FFFFFF	142
1166	#FFFFFF	142
1167	#FFFFFF	142
1168	#FFFFFF	142
1169	#FFFFFF	142
1170	#FFFFFF	142
1171	#FFFFFF	142
1172	#FFFFFF	142
1173	#FFFFFF	142
1174	#FFFFFF	142
1175	#FFFFFF	821
1176	#FFFFFF	1016
1177	#FFFFFF	1016
1178	#FFFFFF	1016
1179	#FFFFFF	142
1180	#FFFFFF	142
1181	#FFFFFF	142
1182	#FFFFFF	142
1183	#FFFFFF	142
1184	#FFFFFF	1016
1185	#FFFFFF	1016
1186	#FFFFFF	821
1187	#FFFFFF	1016
1188	#FFFFFF	142
1189	#FFFFFF	1016
1190	#FFFFFF	1016
1191	#FFFFFF	142
1192	#FFFFFF	142
1193	#FFFFFF	142
1194	#FFFFFF	142
1195	#FFFFFF	142
1196	#FFFFFF	512
1197	#FFFFFF	821
1198	#FFFFFF	512
1199	#FFFFFF	512
1200	#FFFFFF	512
1201	#FFFFFF	512
1202	#FFFFFF	512
1203	#FFFFFF	512
1204	#FFFFFF	512
1205	#FFFFFF	512
1206	#FFFFFF	512
1207	#FFFFFF	512
1208	#FFFFFF	821
1209	#FFFFFF	821
1210	#FFFFFF	821
1211	#FFFFFF	142
1212	#FFFFFF	142
1213	#FFFFFF	821
1214	#FFFFFF	821
1215	#FFFFFF	821
1216	#FFFFFF	142
1217	#FFFFFF	142
1218	#FFFFFF	142
1219	#FFFFFF	142
1220	#FFFFFF	142
1221	#FFFFFF	142
1222	#FFFFFF	142
1223	#FFFFFF	142
1224	#FFFFFF	142
1225	#FFFFFF	1016
1226	#FFFFFF	821
1227	#FFFFFF	1016
1228	#FFFFFF	1016
1229	#FFFFFF	1016
1230	#FFFFFF	142
1231	#FFFFFF	142
1232	#FFFFFF	142
1233	#FFFFFF	142
1234	#FFFFFF	1016
1235	#FFFFFF	1016
1236	#FFFFFF	1016
1237	#FFFFFF	821
1238	#FFFFFF	142
1239	#FFFFFF	1016
1240	#FFFFFF	1016
1241	#FFFFFF	142
1242	#FFFFFF	142
1243	#FFFFFF	142
1244	#FFFFFF	142
1245	#FFFFFF	142
1246	#FFFFFF	512
1247	#FFFFFF	512
1248	#FFFFFF	821
1249	#FFFFFF	512
1250	#FFFFFF	512
1251	#FFFFFF	512
1252	#FFFFFF	512
1253	#FFFFFF	512
1254	#FFFFFF	512
1255	#FFFFFF	512
1256	#FFFFFF	512
1257	#FFFFFF	512
1258	#FFFFFF	821
1259	#FFFFFF	821
1260	#FFFFFF	142
1261	#FFFFFF	142
1262	#FFFFFF	142
1263	#FFFFFF	142
1264	#FFFFFF	142
1265	#FFFFFF	142
1266	#FFFFFF	142
1267	#FFFFFF	142
1268	#FFFFFF	142
1269	#FFFFFF	142
1270	#FFFFFF	142
1271	#FFFFFF	142
1272	#FFFFFF	142
1273	#FFFFFF	142
1274	#FFFFFF	142
1275	#FFFFFF	142
1276	#FFFFFF	142
1277	#FFFFFF	142
1278	#FFFFFF	142
1279	#FFFFFF	142
1280	#FFFFFF	142
1281	#FFFFFF	142
1282	#FFFFFF	142
1283	#FFFFFF	142
1284	#FFFFFF	142
1285	#FFFFFF	142
1286	#FFFFFF	142
1287	#FFFFFF	142
1288	#FFFFFF	142
1289	#FFFFFF	142
1290	#FFFFFF	1017
1291	#FFFFFF	1017
1292	#FFFFFF	1017
1293	#FFFFFF	1017
1294	#FFFFFF	121
1295	#FFFFFF	121
1296	#FFFFFF	1017
1297	#FFFFFF	121
1298	#FFFFFF	142
1299	#FFFFFF	121
1300	#FFFFFF	1375
1302	#FFFFFF	121
1303	#FFFFFF	121
1304	#FFFFFF	121
1305	#FFFFFF	121
1306	#FFFFFF	121
1307	#FFFFFF	121
1308	#FFFFFF	121
1309	#FFFFFF	142
1310	#FFFFFF	142
1311	#FFFFFF	142
1312	#FFFFFF	142
1313	#FFFFFF	142
1314	#FFFFFF	142
1315	#FFFFFF	142
1316	#FFFFFF	142
1317	#FFFFFF	142
1318	#FFFFFF	142
1319	#FFFFFF	142
1320	#FFFFFF	142
1321	#FFFFFF	142
1322	#FFFFFF	142
1323	#FFFFFF	142
1324	#FFFFFF	142
1325	#FFFFFF	142
1326	#FFFFFF	142
1327	#FFFFFF	142
1328	#FFFFFF	142
1329	#FFFFFF	142
1330	#FFFFFF	142
1331	#FFFFFF	142
1332	#FFFFFF	142
1333	#FFFFFF	142
1334	#FFFFFF	142
1335	#FFFFFF	142
1336	#FFFFFF	142
1337	#FFFFFF	142
1338	#FFFFFF	142
1339	#FFFFFF	142
1340	#FFFFFF	1017
1341	#FFFFFF	1017
1342	#FFFFFF	1017
1343	#FFFFFF	1017
1344	#FFFFFF	121
1345	#FFFFFF	121
1346	#FFFFFF	1017
1347	#FFFFFF	121
1348	#FFFFFF	121
1349	#FFFFFF	142
1350	#FFFFFF	1375
1351	#FFFFFF	1375
1352	#FFFFFF	121
1353	#FFFFFF	121
1354	#FFFFFF	121
1355	#FFFFFF	121
1356	#FFFFFF	121
1357	#FFFFFF	121
1358	#FFFFFF	121
1359	#FFFFFF	142
1360	#FFFFFF	142
1361	#FFFFFF	142
1362	#FFFFFF	142
1363	#FFFFFF	142
1364	#FFFFFF	142
1365	#FFFFFF	142
1366	#FFFFFF	142
1367	#FFFFFF	142
1368	#FFFFFF	142
1369	#FFFFFF	142
1370	#FFFFFF	142
1371	#FFFFFF	142
1372	#FFFFFF	142
1373	#FFFFFF	142
1374	#FFFFFF	142
1375	#FFFFFF	142
1376	#FFFFFF	142
1377	#FFFFFF	142
1378	#FFFFFF	142
1379	#FFFFFF	142
1380	#FFFFFF	142
1381	#FFFFFF	142
1382	#FFFFFF	142
1383	#FFFFFF	142
1384	#FFFFFF	142
1385	#FFFFFF	142
1386	#FFFFFF	142
1387	#FFFFFF	142
1388	#FFFFFF	142
1389	#FFFFFF	142
1390	#FFFFFF	142
1391	#FFFFFF	1017
1392	#FFFFFF	1017
1393	#FFFFFF	1017
1394	#FFFFFF	1017
1395	#FFFFFF	121
1396	#FFFFFF	1017
1397	#FFFFFF	121
1398	#FFFFFF	121
1399	#FFFFFF	142
1400	#FFFFFF	1375
1401	#FFFFFF	1375
1403	#FFFFFF	1375
1404	#FFFFFF	121
1405	#FFFFFF	121
1406	#FFFFFF	1375
1407	#FFFFFF	121
1408	#FFFFFF	121
1409	#FFFFFF	121
1410	#FFFFFF	142
1411	#FFFFFF	142
1412	#FFFFFF	142
1413	#FFFFFF	142
1414	#FFFFFF	142
1415	#FFFFFF	142
1416	#FFFFFF	142
1417	#FFFFFF	142
1418	#FFFFFF	142
1419	#FFFFFF	142
1420	#FFFFFF	142
1421	#FFFFFF	142
1422	#FFFFFF	142
1423	#FFFFFF	142
1424	#FFFFFF	142
1425	#FFFFFF	142
1426	#FFFFFF	142
1427	#FFFFFF	142
1428	#FFFFFF	142
1429	#FFFFFF	142
1430	#FFFFFF	142
1431	#FFFFFF	142
1432	#FFFFFF	142
1433	#FFFFFF	142
1434	#FFFFFF	142
1435	#FFFFFF	142
1436	#FFFFFF	142
1437	#FFFFFF	142
1438	#FFFFFF	142
1439	#FFFFFF	142
1440	#FFFFFF	142
1441	#FFFFFF	142
1442	#FFFFFF	1017
1443	#FFFFFF	1017
1444	#FFFFFF	1017
1445	#FFFFFF	121
1446	#FFFFFF	1017
1447	#FFFFFF	1017
1448	#FFFFFF	121
1449	#FFFFFF	121
1450	#FFFFFF	142
1451	#FFFFFF	121
1452	#FFFFFF	121
1453	#FFFFFF	1375
1454	#FFFFFF	121
1455	#FFFFFF	121
1456	#FFFFFF	1375
1457	#FFFFFF	121
1458	#FFFFFF	121
1459	#FFFFFF	121
1460	#FFFFFF	142
1461	#FFFFFF	142
1462	#FFFFFF	142
1463	#FFFFFF	142
1464	#FFFFFF	142
1465	#FFFFFF	142
1466	#FFFFFF	142
1467	#FFFFFF	142
1468	#FFFFFF	142
1469	#FFFFFF	142
1470	#FFFFFF	142
1471	#FFFFFF	142
1472	#FFFFFF	142
1473	#FFFFFF	142
1474	#FFFFFF	142
1475	#FFFFFF	142
1476	#FFFFFF	142
1477	#FFFFFF	142
1478	#FFFFFF	142
1479	#FFFFFF	142
1480	#FFFFFF	142
1481	#FFFFFF	142
1482	#FFFFFF	142
1483	#FFFFFF	142
1484	#FFFFFF	142
1485	#FFFFFF	142
1486	#FFFFFF	142
1487	#FFFFFF	142
1488	#FFFFFF	142
1489	#FFFFFF	142
1490	#FFFFFF	142
1491	#FFFFFF	142
1492	#FFFFFF	1017
1493	#FFFFFF	1017
1494	#FFFFFF	1017
1495	#FFFFFF	1017
1496	#FFFFFF	121
1498	#FFFFFF	1017
1499	#FFFFFF	121
1500	#FFFFFF	142
1501	#FFFFFF	121
1502	#FFFFFF	121
1503	#FFFFFF	1375
1504	#FFFFFF	1375
1505	#FFFFFF	121
1506	#FFFFFF	121
1507	#FFFFFF	1375
1508	#FFFFFF	121
1509	#FFFFFF	1375
1511	#FFFFFF	142
1512	#FFFFFF	142
1513	#FFFFFF	142
1514	#FFFFFF	142
1515	#FFFFFF	142
1516	#FFFFFF	142
1517	#FFFFFF	142
1518	#FFFFFF	142
1519	#FFFFFF	142
1520	#FFFFFF	142
1521	#FFFFFF	142
1522	#FFFFFF	142
1523	#FFFFFF	142
1524	#FFFFFF	142
1525	#FFFFFF	142
1526	#FFFFFF	142
1527	#FFFFFF	142
1528	#FFFFFF	142
1529	#FFFFFF	142
1530	#FFFFFF	142
1531	#FFFFFF	142
1532	#FFFFFF	142
1533	#FFFFFF	142
1534	#FFFFFF	142
1535	#FFFFFF	142
1536	#FFFFFF	142
1537	#FFFFFF	142
1538	#FFFFFF	142
1539	#FFFFFF	142
1540	#FFFFFF	142
1541	#FFFFFF	142
1542	#FFFFFF	1017
1543	#FFFFFF	121
1544	#FFFFFF	1017
1546	#FFFFFF	121
1547	#FFFFFF	121
1548	#FFFFFF	1017
1549	#FFFFFF	121
1550	#FFFFFF	121
1551	#FFFFFF	142
1552	#FFFFFF	121
1553	#FFFFFF	121
1554	#FFFFFF	1375
1555	#FFFFFF	1375
1556	#FFFFFF	121
1558	#FFFFFF	1375
1559	#FFFFFF	1375
1560	#FFFFFF	1375
1561	#FFFFFF	142
1562	#FFFFFF	142
1563	#FFFFFF	142
1564	#FFFFFF	142
1565	#FFFFFF	142
1566	#FFFFFF	142
1567	#FFFFFF	142
1568	#FFFFFF	142
1569	#FFFFFF	142
1570	#FFFFFF	142
1571	#FFFFFF	142
1572	#FFFFFF	142
1573	#FFFFFF	142
1574	#FFFFFF	142
1575	#FFFFFF	142
1576	#FFFFFF	507
1577	#FFFFFF	142
1578	#FFFFFF	142
1579	#FFFFFF	142
1580	#FFFFFF	142
1581	#FFFFFF	142
1582	#FFFFFF	142
1583	#FFFFFF	142
1584	#FFFFFF	142
1585	#FFFFFF	142
1586	#FFFFFF	142
1587	#FFFFFF	142
1588	#FFFFFF	142
1589	#FFFFFF	142
1590	#FFFFFF	142
1591	#FFFFFF	142
1592	#FFFFFF	1017
1593	#FFFFFF	121
1594	#FFFFFF	1017
1595	#FFFFFF	1017
1596	#FFFFFF	1017
1597	#FFFFFF	121
1598	#FFFFFF	1017
1599	#FFFFFF	1017
1600	#FFFFFF	121
1601	#FFFFFF	142
1602	#FFFFFF	121
1603	#FFFFFF	121
1604	#FFFFFF	121
1605	#FFFFFF	121
1606	#FFFFFF	1375
1607	#FFFFFF	1375
1608	#FFFFFF	1375
1609	#FFFFFF	1375
1610	#FFFFFF	1375
1611	#FFFFFF	121
1612	#FFFFFF	142
1613	#FFFFFF	142
1614	#FFFFFF	142
1615	#FFFFFF	142
1616	#FFFFFF	142
1617	#FFFFFF	142
1618	#FFFFFF	142
1619	#FFFFFF	142
1620	#FFFFFF	142
1621	#FFFFFF	142
1622	#FFFFFF	142
1623	#FFFFFF	142
1624	#FFFFFF	142
1625	#FFFFFF	142
1626	#FFFFFF	507
1627	#FFFFFF	142
1628	#FFFFFF	507
1629	#FFFFFF	507
1630	#FFFFFF	142
1631	#FFFFFF	142
1632	#FFFFFF	142
1633	#FFFFFF	142
1634	#FFFFFF	142
1635	#FFFFFF	142
1636	#FFFFFF	142
1637	#FFFFFF	142
1638	#FFFFFF	142
1639	#FFFFFF	142
1640	#FFFFFF	142
1641	#FFFFFF	142
1642	#FFFFFF	1017
1643	#FFFFFF	121
1644	#FFFFFF	1017
1645	#FFFFFF	1017
1647	#FFFFFF	121
1648	#FFFFFF	1017
1649	#FFFFFF	1017
1650	#FFFFFF	121
1651	#FFFFFF	121
1652	#FFFFFF	142
1653	#FFFFFF	121
1654	#FFFFFF	121
1655	#FFFFFF	121
1656	#FFFFFF	1375
1657	#FFFFFF	121
1658	#FFFFFF	1375
1661	#FFFFFF	1375
1662	#FFFFFF	142
1663	#FFFFFF	142
1664	#FFFFFF	142
1665	#FFFFFF	142
1666	#FFFFFF	142
1667	#FFFFFF	142
1668	#FFFFFF	142
1669	#FFFFFF	142
1670	#FFFFFF	142
1671	#FFFFFF	142
1672	#FFFFFF	142
1673	#FFFFFF	142
1674	#FFFFFF	142
1675	#FFFFFF	142
1676	#FFFFFF	142
1677	#FFFFFF	507
1678	#FFFFFF	507
1679	#FFFFFF	507
1680	#FFFFFF	142
1681	#FFFFFF	142
1682	#FFFFFF	142
1683	#FFFFFF	142
1684	#FFFFFF	142
1685	#FFFFFF	142
1686	#FFFFFF	142
1687	#FFFFFF	142
1688	#FFFFFF	142
1689	#FFFFFF	142
1690	#FFFFFF	142
1691	#FFFFFF	142
1692	#FFFFFF	1017
1693	#FFFFFF	121
1694	#FFFFFF	1017
1695	#FFFFFF	1017
1696	#FFFFFF	121
1697	#FFFFFF	1017
1698	#FFFFFF	1017
1699	#FFFFFF	1017
1700	#FFFFFF	1017
1701	#FFFFFF	121
1702	#FFFFFF	142
1703	#FFFFFF	121
1704	#FFFFFF	121
1705	#FFFFFF	121
1706	#FFFFFF	1375
1708	#FFFFFF	1375
1709	#FFFFFF	1375
1710	#FFFFFF	1375
1711	#FFFFFF	1375
1712	#FFFFFF	121
1713	#FFFFFF	142
1714	#FFFFFF	142
1715	#FFFFFF	142
1716	#FFFFFF	142
1717	#FFFFFF	142
1718	#FFFFFF	142
1719	#FFFFFF	142
1720	#FFFFFF	142
1721	#FFFFFF	142
1722	#FFFFFF	142
1723	#FFFFFF	142
1724	#FFFFFF	142
1725	#FFFFFF	142
1726	#FFFFFF	507
1727	#FFFFFF	142
1728	#FFFFFF	507
1729	#FFFFFF	507
1730	#FFFFFF	507
1731	#FFFFFF	142
1732	#FFFFFF	142
1733	#FFFFFF	142
1734	#FFFFFF	142
1735	#FFFFFF	142
1736	#FFFFFF	142
1737	#FFFFFF	142
1738	#FFFFFF	142
1739	#FFFFFF	142
1740	#FFFFFF	142
1741	#FFFFFF	1017
1742	#FFFFFF	142
1743	#FFFFFF	121
1744	#FFFFFF	121
1745	#FFFFFF	1017
1746	#FFFFFF	1017
1747	#FFFFFF	121
1748	#FFFFFF	1017
1749	#FFFFFF	121
1750	#FFFFFF	121
1751	#FFFFFF	121
1752	#FFFFFF	121
1753	#FFFFFF	142
1754	#FFFFFF	121
1755	#FFFFFF	121
1756	#FFFFFF	121
1757	#FFFFFF	121
1758	#FFFFFF	1375
1759	#FFFFFF	1375
1760	#FFFFFF	1375
1761	#FFFFFF	1375
1763	#FFFFFF	142
1764	#FFFFFF	142
1765	#FFFFFF	142
1766	#FFFFFF	142
1767	#FFFFFF	142
1768	#FFFFFF	142
1769	#FFFFFF	142
1770	#FFFFFF	142
1771	#FFFFFF	142
1772	#FFFFFF	142
1773	#FFFFFF	142
1774	#FFFFFF	142
1775	#FFFFFF	142
1776	#FFFFFF	507
1777	#FFFFFF	507
1778	#FFFFFF	142
1779	#FFFFFF	507
1780	#FFFFFF	507
1781	#FFFFFF	142
1782	#FFFFFF	142
1783	#FFFFFF	142
1784	#FFFFFF	142
1785	#FFFFFF	142
1786	#FFFFFF	142
1787	#FFFFFF	142
1788	#FFFFFF	142
1789	#FFFFFF	142
1790	#FFFFFF	142
1791	#FFFFFF	142
1792	#FFFFFF	142
1793	#FFFFFF	121
1794	#FFFFFF	121
1795	#FFFFFF	1017
1796	#FFFFFF	1017
1797	#FFFFFF	121
1798	#FFFFFF	1017
1799	#FFFFFF	1017
1800	#FFFFFF	121
1801	#FFFFFF	121
1802	#FFFFFF	121
1803	#FFFFFF	142
1804	#FFFFFF	121
1805	#FFFFFF	121
1806	#FFFFFF	121
1807	#FFFFFF	121
1808	#FFFFFF	1375
1809	#FFFFFF	1375
1810	#FFFFFF	1375
1811	#FFFFFF	1375
1812	#FFFFFF	1375
1813	#FFFFFF	1375
1814	#FFFFFF	142
1815	#FFFFFF	142
1816	#FFFFFF	142
1817	#FFFFFF	142
1818	#FFFFFF	142
1819	#FFFFFF	142
1820	#FFFFFF	142
1821	#FFFFFF	142
1822	#FFFFFF	142
1823	#FFFFFF	142
1824	#FFFFFF	142
1825	#FFFFFF	142
1826	#FFFFFF	507
1827	#FFFFFF	507
1828	#FFFFFF	142
1829	#FFFFFF	507
1830	#FFFFFF	507
1831	#FFFFFF	507
1832	#FFFFFF	142
1833	#FFFFFF	142
1834	#FFFFFF	142
1835	#FFFFFF	142
1836	#FFFFFF	142
1837	#FFFFFF	142
1838	#FFFFFF	142
1839	#FFFFFF	142
1840	#FFFFFF	507
1841	#FFFFFF	142
1842	#FFFFFF	142
1843	#FFFFFF	142
1844	#FFFFFF	142
1845	#FFFFFF	121
1846	#FFFFFF	121
1847	#FFFFFF	121
1848	#FFFFFF	121
1849	#FFFFFF	121
1850	#FFFFFF	121
1851	#FFFFFF	121
1852	#FFFFFF	121
1853	#FFFFFF	121
1854	#FFFFFF	142
1855	#FFFFFF	121
1856	#FFFFFF	121
1857	#FFFFFF	121
1859	#FFFFFF	1375
1861	#FFFFFF	1375
1862	#FFFFFF	1375
1863	#FFFFFF	1375
1864	#FFFFFF	142
1865	#FFFFFF	142
1866	#FFFFFF	142
1867	#FFFFFF	142
1868	#FFFFFF	142
1869	#FFFFFF	142
1870	#FFFFFF	142
1871	#FFFFFF	142
1872	#FFFFFF	142
1873	#FFFFFF	142
1874	#FFFFFF	142
1875	#FFFFFF	142
1876	#FFFFFF	142
1877	#FFFFFF	507
1878	#FFFFFF	507
1879	#FFFFFF	507
1880	#FFFFFF	507
1881	#FFFFFF	507
1882	#FFFFFF	142
1883	#FFFFFF	142
1884	#FFFFFF	142
1885	#FFFFFF	142
1886	#FFFFFF	142
1887	#FFFFFF	142
1888	#FFFFFF	142
1889	#FFFFFF	142
1890	#FFFFFF	507
1891	#FFFFFF	142
1892	#FFFFFF	507
1893	#FFFFFF	142
1894	#FFFFFF	142
1895	#FFFFFF	121
1896	#FFFFFF	121
1897	#FFFFFF	121
1898	#FFFFFF	121
1899	#FFFFFF	121
1900	#FFFFFF	121
1901	#FFFFFF	121
1902	#FFFFFF	121
1903	#FFFFFF	121
1904	#FFFFFF	142
1905	#FFFFFF	121
1906	#FFFFFF	121
1907	#FFFFFF	121
1908	#FFFFFF	121
1909	#FFFFFF	1375
1910	#FFFFFF	1375
1911	#FFFFFF	1375
1913	#FFFFFF	1375
1914	#FFFFFF	1375
1915	#FFFFFF	142
1916	#FFFFFF	142
1917	#FFFFFF	142
1918	#FFFFFF	142
1919	#FFFFFF	142
1920	#FFFFFF	142
1921	#FFFFFF	142
1922	#FFFFFF	142
1923	#FFFFFF	142
1924	#FFFFFF	142
1925	#FFFFFF	142
1926	#FFFFFF	142
1927	#FFFFFF	142
1928	#FFFFFF	507
1929	#FFFFFF	507
1930	#FFFFFF	507
1931	#FFFFFF	507
1932	#FFFFFF	507
1933	#FFFFFF	142
1934	#FFFFFF	142
1935	#FFFFFF	142
1936	#FFFFFF	142
1937	#FFFFFF	142
1938	#FFFFFF	142
1939	#FFFFFF	507
1940	#FFFFFF	142
1941	#FFFFFF	507
1942	#FFFFFF	507
1943	#FFFFFF	507
1944	#FFFFFF	142
1945	#FFFFFF	121
1946	#FFFFFF	121
1947	#FFFFFF	121
1948	#FFFFFF	121
1949	#FFFFFF	121
1950	#FFFFFF	121
1951	#FFFFFF	121
1952	#FFFFFF	121
1953	#FFFFFF	121
1954	#FFFFFF	121
1955	#FFFFFF	142
1956	#FFFFFF	121
1957	#FFFFFF	121
1958	#FFFFFF	121
1960	#FFFFFF	1375
1961	#FFFFFF	1375
1962	#FFFFFF	1375
1963	#FFFFFF	1375
1964	#FFFFFF	1375
1965	#FFFFFF	142
1966	#FFFFFF	142
1967	#FFFFFF	142
1968	#FFFFFF	142
1969	#FFFFFF	142
1970	#FFFFFF	142
1971	#FFFFFF	142
1972	#FFFFFF	142
1973	#FFFFFF	142
1974	#FFFFFF	142
1975	#FFFFFF	142
1976	#FFFFFF	142
1977	#FFFFFF	507
1978	#FFFFFF	142
1979	#FFFFFF	507
1980	#FFFFFF	507
1981	#FFFFFF	507
1982	#FFFFFF	507
1983	#FFFFFF	142
1984	#FFFFFF	507
1985	#FFFFFF	507
1986	#FFFFFF	142
1987	#FFFFFF	142
1988	#FFFFFF	142
1989	#FFFFFF	507
1990	#FFFFFF	507
1991	#FFFFFF	507
1992	#FFFFFF	507
1993	#FFFFFF	507
1994	#FFFFFF	142
1995	#FFFFFF	121
1996	#FFFFFF	121
1998	#FFFFFF	121
1999	#FFFFFF	121
2000	#FFFFFF	121
2001	#FFFFFF	121
2002	#FFFFFF	121
2003	#FFFFFF	121
2004	#FFFFFF	121
2005	#FFFFFF	142
2006	#FFFFFF	121
2007	#FFFFFF	121
2008	#FFFFFF	121
2010	#FFFFFF	121
2011	#FFFFFF	1375
2012	#FFFFFF	1375
2013	#FFFFFF	1375
2015	#FFFFFF	1884
2016	#FFFFFF	142
2017	#FFFFFF	142
2018	#FFFFFF	142
2019	#FFFFFF	142
2020	#FFFFFF	142
2021	#FFFFFF	142
2022	#FFFFFF	142
2023	#FFFFFF	142
2024	#FFFFFF	142
2025	#FFFFFF	142
2026	#FFFFFF	507
2027	#FFFFFF	507
2028	#FFFFFF	142
2029	#FFFFFF	142
2030	#FFFFFF	507
2031	#FFFFFF	507
2032	#FFFFFF	507
2033	#FFFFFF	507
2034	#FFFFFF	142
2035	#FFFFFF	507
2036	#FFFFFF	507
2037	#FFFFFF	142
2038	#FFFFFF	142
2039	#FFFFFF	507
2040	#FFFFFF	507
2041	#FFFFFF	507
2042	#FFFFFF	507
2043	#FFFFFF	507
2044	#FFFFFF	121
2046	#FFFFFF	121
2047	#FFFFFF	507
2048	#FFFFFF	121
2049	#FFFFFF	121
2050	#FFFFFF	121
2051	#FFFFFF	121
2052	#FFFFFF	121
2053	#FFFFFF	121
2054	#FFFFFF	121
2055	#FFFFFF	121
2056	#FFFFFF	142
2057	#FFFFFF	121
2058	#FFFFFF	121
2059	#FFFFFF	121
2060	#FFFFFF	121
2061	#FFFFFF	1375
2062	#FFFFFF	121
2063	#FFFFFF	1375
2064	#FFFFFF	1884
2065	#FFFFFF	1884
2066	#FFFFFF	142
2067	#FFFFFF	142
2068	#FFFFFF	142
2069	#FFFFFF	142
2070	#FFFFFF	507
2072	#FFFFFF	142
2073	#FFFFFF	142
2074	#FFFFFF	507
2075	#FFFFFF	507
2076	#FFFFFF	507
2077	#FFFFFF	507
2078	#FFFFFF	507
2079	#FFFFFF	142
2080	#FFFFFF	507
2081	#FFFFFF	507
2082	#FFFFFF	507
2083	#FFFFFF	507
2084	#FFFFFF	142
2085	#FFFFFF	507
2086	#FFFFFF	507
2087	#FFFFFF	142
2088	#FFFFFF	507
2089	#FFFFFF	507
2090	#FFFFFF	507
2091	#FFFFFF	507
2092	#FFFFFF	507
2093	#FFFFFF	507
2094	#FFFFFF	121
2095	#FFFFFF	142
2096	#FFFFFF	507
2097	#FFFFFF	507
2098	#FFFFFF	121
2099	#FFFFFF	121
2100	#FFFFFF	121
2101	#FFFFFF	121
2102	#FFFFFF	121
2103	#FFFFFF	121
2104	#FFFFFF	121
2105	#FFFFFF	121
2106	#FFFFFF	142
2107	#FFFFFF	121
2108	#FFFFFF	121
2110	#FFFFFF	121
2111	#FFFFFF	121
2112	#FFFFFF	121
2113	#FFFFFF	121
2114	#FFFFFF	1375
2115	#FFFFFF	1884
2116	#FFFFFF	135
2117	#FFFFFF	142
2118	#FFFFFF	142
2119	#FFFFFF	142
2120	#FFFFFF	142
2121	#FFFFFF	142
2122	#FFFFFF	142
2123	#FFFFFF	142
2124	#FFFFFF	142
2125	#FFFFFF	507
2126	#FFFFFF	507
2127	#FFFFFF	507
2128	#FFFFFF	507
2129	#FFFFFF	507
2130	#FFFFFF	142
2131	#FFFFFF	507
2132	#FFFFFF	507
2133	#FFFFFF	507
2134	#FFFFFF	507
2135	#FFFFFF	142
2136	#FFFFFF	507
2137	#FFFFFF	142
2138	#FFFFFF	142
2139	#FFFFFF	507
2140	#FFFFFF	507
2141	#FFFFFF	507
2142	#FFFFFF	507
2143	#FFFFFF	507
2144	#FFFFFF	121
2145	#FFFFFF	507
2146	#FFFFFF	142
2147	#FFFFFF	507
2148	#FFFFFF	507
2149	#FFFFFF	121
2150	#FFFFFF	121
2151	#FFFFFF	121
2152	#FFFFFF	121
2153	#FFFFFF	121
2154	#FFFFFF	121
2155	#FFFFFF	121
2156	#FFFFFF	121
2157	#FFFFFF	142
2158	#FFFFFF	121
2159	#FFFFFF	121
2160	#FFFFFF	121
2161	#FFFFFF	121
2162	#FFFFFF	121
2163	#FFFFFF	121
2164	#FFFFFF	121
2165	#FFFFFF	1884
2166	#FFFFFF	1884
2167	#FFFFFF	142
2168	#FFFFFF	142
2169	#FFFFFF	142
2170	#FFFFFF	142
2171	#FFFFFF	507
2172	#FFFFFF	142
2173	#FFFFFF	142
2174	#FFFFFF	142
2175	#FFFFFF	507
2176	#FFFFFF	507
2177	#FFFFFF	507
2178	#FFFFFF	507
2179	#FFFFFF	507
2180	#FFFFFF	142
2181	#FFFFFF	507
2182	#FFFFFF	507
2183	#FFFFFF	507
2184	#FFFFFF	507
2185	#FFFFFF	142
2186	#FFFFFF	507
2187	#FFFFFF	507
2188	#FFFFFF	507
2189	#FFFFFF	507
2190	#FFFFFF	507
2191	#FFFFFF	507
2192	#FFFFFF	507
2193	#FFFFFF	507
2194	#FFFFFF	507
2195	#FFFFFF	507
2196	#FFFFFF	142
2197	#FFFFFF	507
2198	#FFFFFF	507
2199	#FFFFFF	507
2200	#FFFFFF	121
2201	#FFFFFF	121
2202	#FFFFFF	121
2203	#FFFFFF	121
2204	#FFFFFF	121
2205	#FFFFFF	121
2206	#FFFFFF	121
2207	#FFFFFF	142
2208	#FFFFFF	121
2209	#FFFFFF	121
2210	#FFFFFF	121
2211	#FFFFFF	121
2212	#FFFFFF	121
2213	#FFFFFF	121
2214	#FFFFFF	121
2215	#FFFFFF	135
2217	#FFFFFF	135
2218	#FFFFFF	142
2219	#FFFFFF	142
2220	#FFFFFF	142
2221	#FFFFFF	142
2222	#FFFFFF	142
2223	#FFFFFF	142
2224	#FFFFFF	142
2225	#FFFFFF	142
2226	#FFFFFF	507
2227	#FFFFFF	507
2228	#FFFFFF	507
2229	#FFFFFF	142
2230	#FFFFFF	142
2231	#FFFFFF	142
2232	#FFFFFF	507
2233	#FFFFFF	507
2234	#FFFFFF	507
2235	#FFFFFF	507
2236	#FFFFFF	142
2237	#FFFFFF	507
2238	#FFFFFF	507
2239	#FFFFFF	507
2240	#FFFFFF	507
2241	#FFFFFF	507
2242	#FFFFFF	507
2243	#FFFFFF	507
2244	#FFFFFF	507
2245	#FFFFFF	507
2246	#FFFFFF	507
2247	#FFFFFF	142
2248	#FFFFFF	507
2249	#FFFFFF	507
2250	#FFFFFF	121
2251	#FFFFFF	121
2252	#FFFFFF	121
2253	#FFFFFF	121
2254	#FFFFFF	121
2255	#FFFFFF	121
2256	#FFFFFF	121
2257	#FFFFFF	121
2258	#FFFFFF	142
2259	#FFFFFF	121
2260	#FFFFFF	121
2261	#FFFFFF	121
2262	#FFFFFF	121
2263	#FFFFFF	121
2264	#FFFFFF	121
2265	#FFFFFF	1884
2267	#FFFFFF	135
2268	#FFFFFF	142
2269	#FFFFFF	142
2270	#FFFFFF	142
2271	#FFFFFF	142
2272	#FFFFFF	142
2273	#FFFFFF	821
2274	#FFFFFF	821
2275	#FFFFFF	821
2276	#FFFFFF	142
2277	#FFFFFF	142
2278	#FFFFFF	142
2279	#FFFFFF	142
2280	#FFFFFF	142
2281	#FFFFFF	142
2282	#FFFFFF	142
2283	#FFFFFF	142
2284	#FFFFFF	142
2285	#FFFFFF	1016
2286	#FFFFFF	821
2287	#FFFFFF	1016
2288	#FFFFFF	1016
2289	#FFFFFF	1016
2290	#FFFFFF	142
2291	#FFFFFF	142
2292	#FFFFFF	142
2293	#FFFFFF	142
2294	#FFFFFF	1016
2295	#FFFFFF	1016
2296	#FFFFFF	1016
2297	#FFFFFF	821
2298	#FFFFFF	1016
2299	#FFFFFF	1016
2300	#FFFFFF	1016
2301	#FFFFFF	142
2302	#FFFFFF	142
2303	#FFFFFF	142
2304	#FFFFFF	142
2305	#FFFFFF	142
2306	#FFFFFF	512
2307	#FFFFFF	142
2308	#FFFFFF	821
2309	#FFFFFF	142
2310	#FFFFFF	512
2311	#FFFFFF	512
2312	#FFFFFF	512
2313	#FFFFFF	512
2314	#FFFFFF	512
2315	#FFFFFF	512
2316	#FFFFFF	512
2317	#FFFFFF	512
2318	#FFFFFF	512
2319	#FFFFFF	821
2320	#FFFFFF	821
2321	#FFFFFF	821
2322	#FFFFFF	142
2323	#FFFFFF	142
2324	#FFFFFF	821
2325	#FFFFFF	821
2326	#FFFFFF	821
2327	#FFFFFF	142
2328	#FFFFFF	142
2329	#FFFFFF	142
2330	#FFFFFF	142
2331	#FFFFFF	142
2332	#FFFFFF	142
2333	#FFFFFF	142
2334	#FFFFFF	142
2335	#FFFFFF	142
2336	#FFFFFF	1016
2337	#FFFFFF	821
2338	#FFFFFF	1016
2339	#FFFFFF	1016
2340	#FFFFFF	142
2341	#FFFFFF	1016
2342	#FFFFFF	1016
2343	#FFFFFF	1016
2344	#FFFFFF	1016
2345	#FFFFFF	1016
2346	#FFFFFF	1016
2347	#FFFFFF	1016
2348	#FFFFFF	821
2349	#FFFFFF	1016
2350	#FFFFFF	1016
2351	#FFFFFF	1016
2352	#FFFFFF	142
2353	#FFFFFF	1016
2354	#FFFFFF	142
2355	#FFFFFF	142
2356	#FFFFFF	142
2357	#FFFFFF	512
2358	#FFFFFF	142
2359	#FFFFFF	821
2360	#FFFFFF	512
2361	#FFFFFF	512
2362	#FFFFFF	512
2363	#FFFFFF	512
2364	#FFFFFF	512
2365	#FFFFFF	512
2366	#FFFFFF	512
2367	#FFFFFF	512
2368	#FFFFFF	512
2369	#FFFFFF	821
2370	#FFFFFF	821
2371	#FFFFFF	821
2372	#FFFFFF	142
2373	#FFFFFF	142
2374	#FFFFFF	142
2375	#FFFFFF	142
2376	#FFFFFF	142
2377	#FFFFFF	507
2378	#FFFFFF	507
2379	#FFFFFF	507
2380	#FFFFFF	507
2381	#FFFFFF	142
2382	#FFFFFF	507
2383	#FFFFFF	142
2384	#FFFFFF	507
2385	#FFFFFF	507
2386	#FFFFFF	507
2387	#FFFFFF	142
2388	#FFFFFF	507
2389	#FFFFFF	507
2390	#FFFFFF	507
2391	#FFFFFF	507
2392	#FFFFFF	507
2393	#FFFFFF	507
2394	#FFFFFF	507
2395	#FFFFFF	507
2396	#FFFFFF	507
2397	#FFFFFF	507
2398	#FFFFFF	142
2399	#FFFFFF	507
2400	#FFFFFF	507
2401	#FFFFFF	507
2402	#FFFFFF	121
2403	#FFFFFF	121
2404	#FFFFFF	121
2405	#FFFFFF	121
2406	#FFFFFF	121
2407	#FFFFFF	121
2408	#FFFFFF	121
2409	#FFFFFF	142
2410	#FFFFFF	121
2411	#FFFFFF	121
2412	#FFFFFF	121
2413	#FFFFFF	121
2414	#FFFFFF	121
2415	#FFFFFF	121
2416	#FFFFFF	121
2417	#FFFFFF	1884
2418	#FFFFFF	135
2419	#FFFFFF	135
2420	#FFFFFF	142
2421	#FFFFFF	142
2422	#FFFFFF	142
2423	#FFFFFF	142
2424	#FFFFFF	142
2425	#FFFFFF	142
2426	#FFFFFF	142
2427	#FFFFFF	142
2428	#FFFFFF	507
2429	#FFFFFF	507
2430	#FFFFFF	507
2431	#FFFFFF	507
2432	#FFFFFF	507
2433	#FFFFFF	142
2434	#FFFFFF	142
2435	#FFFFFF	507
2436	#FFFFFF	507
2437	#FFFFFF	507
2438	#FFFFFF	142
2439	#FFFFFF	507
2440	#FFFFFF	507
2441	#FFFFFF	507
2442	#FFFFFF	507
2443	#FFFFFF	507
2444	#FFFFFF	507
2445	#FFFFFF	507
2446	#FFFFFF	507
2447	#FFFFFF	507
2448	#FFFFFF	507
2449	#FFFFFF	142
2450	#FFFFFF	507
2451	#FFFFFF	121
2452	#FFFFFF	507
2453	#FFFFFF	121
2454	#FFFFFF	121
2455	#FFFFFF	121
2456	#FFFFFF	121
2457	#FFFFFF	121
2458	#FFFFFF	121
2459	#FFFFFF	121
2460	#FFFFFF	30
2461	#FFFFFF	121
2462	#FFFFFF	121
2463	#FFFFFF	121
2464	#FFFFFF	121
2465	#FFFFFF	121
2466	#FFFFFF	121
2468	#FFFFFF	1884
2469	#FFFFFF	135
2470	#FFFFFF	142
2471	#FFFFFF	142
2472	#FFFFFF	142
2473	#FFFFFF	142
2474	#FFFFFF	142
2475	#FFFFFF	142
2476	#FFFFFF	142
2477	#FFFFFF	142
2478	#FFFFFF	142
2479	#FFFFFF	507
2480	#FFFFFF	507
2481	#FFFFFF	507
2482	#FFFFFF	507
2483	#FFFFFF	142
2484	#FFFFFF	507
2485	#FFFFFF	142
2486	#FFFFFF	507
2487	#FFFFFF	507
2488	#FFFFFF	142
2489	#FFFFFF	507
2490	#FFFFFF	507
2491	#FFFFFF	507
2492	#FFFFFF	507
2493	#FFFFFF	507
2494	#FFFFFF	507
2495	#FFFFFF	507
2496	#FFFFFF	507
2497	#FFFFFF	507
2498	#FFFFFF	507
2499	#FFFFFF	142
2500	#FFFFFF	121
2501	#FFFFFF	507
2502	#FFFFFF	121
2503	#FFFFFF	121
2504	#FFFFFF	121
2505	#FFFFFF	121
2506	#FFFFFF	121
2507	#FFFFFF	121
2508	#FFFFFF	121
2509	#FFFFFF	121
2510	#FFFFFF	30
2511	#FFFFFF	121
2512	#FFFFFF	121
2514	#FFFFFF	121
2515	#FFFFFF	121
2516	#FFFFFF	121
2517	#FFFFFF	121
2518	#FFFFFF	121
2520	#FFFFFF	135
2521	#FFFFFF	30
2522	#FFFFFF	142
2523	#FFFFFF	142
2524	#FFFFFF	142
2525	#FFFFFF	142
2526	#FFFFFF	142
2527	#FFFFFF	142
2528	#FFFFFF	142
2529	#FFFFFF	507
2530	#FFFFFF	507
2531	#FFFFFF	507
2532	#FFFFFF	507
2533	#FFFFFF	142
2534	#FFFFFF	507
2535	#FFFFFF	142
2536	#FFFFFF	142
2537	#FFFFFF	507
2538	#FFFFFF	507
2539	#FFFFFF	142
2540	#FFFFFF	507
2541	#FFFFFF	507
2542	#FFFFFF	507
2543	#FFFFFF	507
2544	#FFFFFF	507
2545	#FFFFFF	507
2546	#FFFFFF	507
2547	#FFFFFF	507
2548	#FFFFFF	507
2549	#FFFFFF	507
2550	#FFFFFF	30
2551	#FFFFFF	121
2552	#FFFFFF	121
2553	#FFFFFF	121
2554	#FFFFFF	121
2555	#FFFFFF	121
2556	#FFFFFF	121
2557	#FFFFFF	121
2558	#FFFFFF	121
2559	#FFFFFF	121
2560	#FFFFFF	121
2561	#FFFFFF	30
2562	#FFFFFF	121
2563	#FFFFFF	121
2564	#FFFFFF	121
2565	#FFFFFF	121
2567	#FFFFFF	121
2568	#FFFFFF	121
2569	#FFFFFF	1884
2570	#FFFFFF	1884
2571	#FFFFFF	30
2572	#FFFFFF	142
2573	#FFFFFF	142
2574	#FFFFFF	142
2575	#FFFFFF	142
2576	#FFFFFF	142
2577	#FFFFFF	142
2578	#FFFFFF	142
2579	#FFFFFF	30
2580	#FFFFFF	507
2581	#FFFFFF	507
2582	#FFFFFF	507
2583	#FFFFFF	507
2584	#FFFFFF	507
2585	#FFFFFF	142
2586	#FFFFFF	142
2587	#FFFFFF	142
2588	#FFFFFF	142
2589	#FFFFFF	142
2590	#FFFFFF	507
2591	#FFFFFF	507
2592	#FFFFFF	507
2593	#FFFFFF	507
2594	#FFFFFF	507
2595	#FFFFFF	507
2596	#FFFFFF	507
2598	#FFFFFF	507
2599	#FFFFFF	507
2600	#FFFFFF	30
2601	#FFFFFF	507
2602	#FFFFFF	121
2603	#FFFFFF	121
2604	#FFFFFF	121
2605	#FFFFFF	121
2606	#FFFFFF	121
2607	#FFFFFF	121
2608	#FFFFFF	121
2609	#FFFFFF	121
2610	#FFFFFF	121
2611	#FFFFFF	30
2612	#FFFFFF	121
2613	#FFFFFF	121
2614	#FFFFFF	121
2615	#FFFFFF	121
2616	#FFFFFF	121
2617	#FFFFFF	121
2618	#FFFFFF	121
2619	#FFFFFF	121
2620	#FFFFFF	1884
2621	#FFFFFF	1884
2622	#FFFFFF	30
2623	#FFFFFF	30
2624	#FFFFFF	142
2625	#FFFFFF	142
2626	#FFFFFF	142
2627	#FFFFFF	142
2628	#FFFFFF	142
2629	#FFFFFF	142
2630	#FFFFFF	30
2631	#FFFFFF	507
2632	#FFFFFF	507
2633	#FFFFFF	507
2634	#FFFFFF	507
2635	#FFFFFF	142
2636	#FFFFFF	142
2637	#FFFFFF	142
2638	#FFFFFF	142
2639	#FFFFFF	142
2640	#FFFFFF	142
2641	#FFFFFF	507
2642	#FFFFFF	507
2643	#FFFFFF	507
2644	#FFFFFF	507
2645	#FFFFFF	507
2646	#FFFFFF	507
2647	#FFFFFF	507
2648	#FFFFFF	507
2649	#FFFFFF	507
2650	#FFFFFF	507
2651	#FFFFFF	30
2652	#FFFFFF	507
2653	#FFFFFF	121
2654	#FFFFFF	121
2655	#FFFFFF	121
2656	#FFFFFF	121
2657	#FFFFFF	121
2658	#FFFFFF	121
2659	#FFFFFF	121
2660	#FFFFFF	121
2661	#FFFFFF	121
2662	#FFFFFF	30
2663	#FFFFFF	121
2664	#FFFFFF	121
2665	#FFFFFF	121
2667	#FFFFFF	121
2668	#FFFFFF	121
2669	#FFFFFF	121
2670	#FFFFFF	1884
2671	#FFFFFF	135
2672	#FFFFFF	30
2673	#FFFFFF	30
2674	#FFFFFF	142
2675	#FFFFFF	30
2676	#FFFFFF	30
2677	#FFFFFF	142
2678	#FFFFFF	142
2679	#FFFFFF	142
2680	#FFFFFF	30
2681	#FFFFFF	507
2682	#FFFFFF	507
2683	#FFFFFF	507
2684	#FFFFFF	507
2685	#FFFFFF	507
2686	#FFFFFF	142
2687	#FFFFFF	507
2688	#FFFFFF	507
2689	#FFFFFF	142
2690	#FFFFFF	142
2691	#FFFFFF	507
2692	#FFFFFF	507
2693	#FFFFFF	507
2694	#FFFFFF	507
2695	#FFFFFF	507
2696	#FFFFFF	507
2697	#FFFFFF	507
2698	#FFFFFF	507
2699	#FFFFFF	507
2700	#FFFFFF	507
2701	#FFFFFF	30
2702	#FFFFFF	507
2703	#FFFFFF	121
2704	#FFFFFF	121
2705	#FFFFFF	121
2706	#FFFFFF	121
2707	#FFFFFF	121
2708	#FFFFFF	121
2709	#FFFFFF	121
2710	#FFFFFF	121
2711	#FFFFFF	121
2712	#FFFFFF	30
2713	#FFFFFF	121
2714	#FFFFFF	121
2715	#FFFFFF	121
2716	#FFFFFF	121
2718	#FFFFFF	121
2719	#FFFFFF	1884
2720	#FFFFFF	1884
2721	#FFFFFF	1884
2722	#FFFFFF	135
2723	#FFFFFF	30
2724	#FFFFFF	30
2725	#FFFFFF	142
2726	#FFFFFF	30
2727	#FFFFFF	30
2728	#FFFFFF	142
2729	#FFFFFF	142
2730	#FFFFFF	142
2731	#FFFFFF	507
2732	#FFFFFF	507
2733	#FFFFFF	30
2734	#FFFFFF	507
2735	#FFFFFF	507
2736	#FFFFFF	507
2737	#FFFFFF	507
2738	#FFFFFF	507
2739	#FFFFFF	142
2740	#FFFFFF	507
2741	#FFFFFF	142
2742	#FFFFFF	507
2743	#FFFFFF	507
2744	#FFFFFF	507
2745	#FFFFFF	507
2746	#FFFFFF	507
2747	#FFFFFF	507
2748	#FFFFFF	507
2749	#FFFFFF	507
2750	#FFFFFF	507
2751	#FFFFFF	507
2752	#FFFFFF	30
2753	#FFFFFF	507
2754	#FFFFFF	507
2755	#FFFFFF	121
2756	#FFFFFF	121
2757	#FFFFFF	121
2758	#FFFFFF	121
2759	#FFFFFF	121
2760	#FFFFFF	121
2761	#FFFFFF	121
2762	#FFFFFF	121
2763	#FFFFFF	30
2764	#FFFFFF	121
2765	#FFFFFF	121
2766	#FFFFFF	121
2767	#FFFFFF	121
2768	#FFFFFF	121
2769	#FFFFFF	121
2770	#FFFFFF	1884
2771	#FFFFFF	1884
2772	#FFFFFF	1884
2773	#FFFFFF	30
2774	#FFFFFF	30
2775	#FFFFFF	30
2776	#FFFFFF	30
2777	#FFFFFF	30
2778	#FFFFFF	142
2779	#FFFFFF	142
2780	#FFFFFF	142
2781	#FFFFFF	30
2782	#FFFFFF	507
2783	#FFFFFF	507
2784	#FFFFFF	30
2785	#FFFFFF	30
2786	#FFFFFF	30
2787	#FFFFFF	507
2788	#FFFFFF	507
2789	#FFFFFF	142
2790	#FFFFFF	142
2791	#FFFFFF	142
2792	#FFFFFF	507
2793	#FFFFFF	507
2794	#FFFFFF	507
2795	#FFFFFF	507
2796	#FFFFFF	507
2797	#FFFFFF	507
2798	#FFFFFF	507
2799	#FFFFFF	507
2800	#FFFFFF	507
2801	#FFFFFF	507
2802	#FFFFFF	142
2803	#FFFFFF	507
2805	#FFFFFF	121
2806	#FFFFFF	121
2807	#FFFFFF	121
2808	#FFFFFF	121
2809	#FFFFFF	121
2810	#FFFFFF	121
2811	#FFFFFF	121
2812	#FFFFFF	121
2813	#FFFFFF	30
2814	#FFFFFF	121
2815	#FFFFFF	121
2816	#FFFFFF	121
2817	#FFFFFF	121
2818	#FFFFFF	121
2819	#FFFFFF	121
2820	#FFFFFF	1884
2821	#FFFFFF	1884
2822	#FFFFFF	1884
2823	#FFFFFF	1884
2824	#FFFFFF	30
2825	#FFFFFF	30
2826	#FFFFFF	30
2827	#FFFFFF	30
2828	#FFFFFF	30
2829	#FFFFFF	142
2830	#FFFFFF	142
2831	#FFFFFF	142
2832	#FFFFFF	30
2833	#FFFFFF	30
2834	#FFFFFF	30
2835	#FFFFFF	30
2836	#FFFFFF	30
2837	#FFFFFF	507
2838	#FFFFFF	507
2839	#FFFFFF	142
2840	#FFFFFF	507
2841	#FFFFFF	507
2842	#FFFFFF	30
2843	#FFFFFF	507
2844	#FFFFFF	507
2845	#FFFFFF	507
2846	#FFFFFF	507
2847	#FFFFFF	507
2848	#FFFFFF	507
2849	#FFFFFF	507
2850	#FFFFFF	507
2851	#FFFFFF	507
2852	#FFFFFF	507
2853	#FFFFFF	30
2854	#FFFFFF	507
2855	#FFFFFF	507
2856	#FFFFFF	507
2857	#FFFFFF	121
2858	#FFFFFF	121
2859	#FFFFFF	121
2860	#FFFFFF	121
2861	#FFFFFF	121
2862	#FFFFFF	121
2863	#FFFFFF	121
2864	#FFFFFF	30
2865	#FFFFFF	121
2867	#FFFFFF	121
2868	#FFFFFF	121
2869	#FFFFFF	1884
2870	#FFFFFF	121
2871	#FFFFFF	1884
2872	#FFFFFF	1884
2873	#FFFFFF	1884
2874	#FFFFFF	30
2875	#FFFFFF	30
2876	#FFFFFF	30
2877	#FFFFFF	30
2878	#FFFFFF	30
2879	#FFFFFF	142
2880	#FFFFFF	142
2881	#FFFFFF	142
2882	#FFFFFF	30
2883	#FFFFFF	30
2884	#FFFFFF	30
2885	#FFFFFF	30
2886	#FFFFFF	30
2887	#FFFFFF	507
2888	#FFFFFF	507
2889	#FFFFFF	507
2890	#FFFFFF	507
2891	#FFFFFF	507
2892	#FFFFFF	142
2893	#FFFFFF	507
2894	#FFFFFF	507
2896	#FFFFFF	507
2897	#FFFFFF	507
2898	#FFFFFF	507
2899	#FFFFFF	507
2900	#FFFFFF	507
2901	#FFFFFF	507
2902	#FFFFFF	121
2903	#FFFFFF	30
2904	#FFFFFF	121
2905	#FFFFFF	121
2906	#FFFFFF	507
2907	#FFFFFF	507
2908	#FFFFFF	121
2909	#FFFFFF	121
2910	#FFFFFF	121
2911	#FFFFFF	121
2912	#FFFFFF	121
2913	#FFFFFF	121
2914	#FFFFFF	30
2915	#FFFFFF	121
2916	#FFFFFF	121
2917	#FFFFFF	121
2918	#FFFFFF	121
2919	#FFFFFF	1884
2920	#FFFFFF	1884
2921	#FFFFFF	1884
2922	#FFFFFF	1884
2923	#FFFFFF	1884
2924	#FFFFFF	1884
2925	#FFFFFF	30
2926	#FFFFFF	30
2927	#FFFFFF	30
2928	#FFFFFF	30
2929	#FFFFFF	30
2930	#FFFFFF	142
2931	#FFFFFF	142
2932	#FFFFFF	142
2933	#FFFFFF	30
2934	#FFFFFF	30
2935	#FFFFFF	30
2936	#FFFFFF	30
2937	#FFFFFF	507
2938	#FFFFFF	507
2939	#FFFFFF	507
2940	#FFFFFF	507
2942	#FFFFFF	507
2943	#FFFFFF	142
2944	#FFFFFF	507
2945	#FFFFFF	507
2946	#FFFFFF	507
2947	#FFFFFF	507
2948	#FFFFFF	507
2949	#FFFFFF	507
2950	#FFFFFF	507
2951	#FFFFFF	507
2952	#FFFFFF	121
2953	#FFFFFF	121
2954	#FFFFFF	30
2955	#FFFFFF	121
2956	#FFFFFF	507
2957	#FFFFFF	507
2958	#FFFFFF	121
2959	#FFFFFF	121
2960	#FFFFFF	121
2961	#FFFFFF	121
2962	#FFFFFF	121
2963	#FFFFFF	121
2964	#FFFFFF	121
2965	#FFFFFF	30
2966	#FFFFFF	121
2967	#FFFFFF	121
2968	#FFFFFF	1884
2969	#FFFFFF	1884
2970	#FFFFFF	1884
2971	#FFFFFF	1884
2972	#FFFFFF	1884
2973	#FFFFFF	1884
2974	#FFFFFF	1884
2975	#FFFFFF	30
2976	#FFFFFF	30
2977	#FFFFFF	30
2978	#FFFFFF	30
2979	#FFFFFF	30
2980	#FFFFFF	142
2981	#FFFFFF	30
2982	#FFFFFF	30
2983	#FFFFFF	30
2984	#FFFFFF	30
2985	#FFFFFF	30
2986	#FFFFFF	30
2987	#FFFFFF	30
2988	#FFFFFF	507
2989	#FFFFFF	507
2990	#FFFFFF	507
2992	#FFFFFF	507
2993	#FFFFFF	142
2994	#FFFFFF	507
2995	#FFFFFF	507
2996	#FFFFFF	507
2997	#FFFFFF	507
2998	#FFFFFF	507
2999	#FFFFFF	507
3000	#FFFFFF	507
3001	#FFFFFF	507
3002	#FFFFFF	507
3003	#FFFFFF	121
3004	#FFFFFF	30
3005	#FFFFFF	121
3006	#FFFFFF	121
3007	#FFFFFF	121
3008	#FFFFFF	507
3009	#FFFFFF	121
3010	#FFFFFF	121
3011	#FFFFFF	121
3012	#FFFFFF	121
3013	#FFFFFF	121
3014	#FFFFFF	121
3015	#FFFFFF	30
3016	#FFFFFF	121
3017	#FFFFFF	121
3018	#FFFFFF	121
3019	#FFFFFF	1884
3020	#FFFFFF	1884
3021	#FFFFFF	1884
3022	#FFFFFF	1884
3023	#FFFFFF	1884
3024	#FFFFFF	1884
3025	#FFFFFF	1884
3026	#FFFFFF	30
3027	#FFFFFF	30
3028	#FFFFFF	30
3029	#FFFFFF	30
3030	#FFFFFF	30
3031	#FFFFFF	142
3032	#FFFFFF	30
3033	#FFFFFF	30
3034	#FFFFFF	30
3035	#FFFFFF	30
3036	#FFFFFF	30
3037	#FFFFFF	30
3038	#FFFFFF	30
3039	#FFFFFF	507
3040	#FFFFFF	507
3041	#FFFFFF	507
3042	#FFFFFF	507
3043	#FFFFFF	30
3044	#FFFFFF	142
3045	#FFFFFF	507
3046	#FFFFFF	507
3047	#FFFFFF	507
3048	#FFFFFF	507
3049	#FFFFFF	507
3050	#FFFFFF	507
3053	#FFFFFF	121
3054	#FFFFFF	121
3055	#FFFFFF	30
3056	#FFFFFF	121
3057	#FFFFFF	121
3058	#FFFFFF	507
3059	#FFFFFF	121
3060	#FFFFFF	507
3061	#FFFFFF	507
3062	#FFFFFF	121
3063	#FFFFFF	121
3065	#FFFFFF	121
3066	#FFFFFF	30
3067	#FFFFFF	121
3068	#FFFFFF	1884
3069	#FFFFFF	1884
3070	#FFFFFF	1884
3071	#FFFFFF	1884
3072	#FFFFFF	135
3073	#FFFFFF	1884
3074	#FFFFFF	1884
3075	#FFFFFF	1884
3076	#FFFFFF	30
3077	#FFFFFF	30
3078	#FFFFFF	30
3079	#FFFFFF	30
3080	#FFFFFF	30
3081	#FFFFFF	30
3082	#FFFFFF	30
3083	#FFFFFF	30
3084	#FFFFFF	30
3085	#FFFFFF	30
3086	#FFFFFF	30
3087	#FFFFFF	30
3088	#FFFFFF	30
3089	#FFFFFF	30
3090	#FFFFFF	507
3091	#FFFFFF	507
3092	#FFFFFF	507
3093	#FFFFFF	30
3094	#FFFFFF	142
3095	#FFFFFF	507
3096	#FFFFFF	507
3097	#FFFFFF	507
3098	#FFFFFF	507
3099	#FFFFFF	507
3100	#FFFFFF	507
3101	#FFFFFF	507
3102	#FFFFFF	507
3103	#FFFFFF	121
3104	#FFFFFF	121
3105	#FFFFFF	30
3106	#FFFFFF	121
3107	#FFFFFF	121
3108	#FFFFFF	507
3110	#FFFFFF	507
3111	#FFFFFF	507
3112	#FFFFFF	121
3113	#FFFFFF	121
3114	#FFFFFF	121
3115	#FFFFFF	121
3116	#FFFFFF	30
3117	#FFFFFF	121
3118	#FFFFFF	121
3119	#FFFFFF	1884
3120	#FFFFFF	1884
3121	#FFFFFF	1884
3122	#FFFFFF	135
3123	#FFFFFF	135
3124	#FFFFFF	1884
3125	#FFFFFF	1884
3126	#FFFFFF	1884
3127	#FFFFFF	30
3128	#FFFFFF	30
3129	#FFFFFF	30
3130	#FFFFFF	30
3131	#FFFFFF	30
3132	#FFFFFF	30
3133	#FFFFFF	30
3134	#FFFFFF	30
3135	#FFFFFF	30
3136	#FFFFFF	30
3137	#FFFFFF	30
3138	#FFFFFF	30
3139	#FFFFFF	30
3140	#FFFFFF	507
3141	#FFFFFF	507
3142	#FFFFFF	507
3143	#FFFFFF	507
3144	#FFFFFF	30
3145	#FFFFFF	142
3146	#FFFFFF	507
3147	#FFFFFF	507
3148	#FFFFFF	507
3149	#FFFFFF	507
3150	#FFFFFF	507
3151	#FFFFFF	507
3152	#FFFFFF	121
3153	#FFFFFF	121
3154	#FFFFFF	121
3155	#FFFFFF	121
3156	#FFFFFF	30
3157	#FFFFFF	121
3159	#FFFFFF	507
3160	#FFFFFF	507
3161	#FFFFFF	507
3162	#FFFFFF	121
3163	#FFFFFF	121
3164	#FFFFFF	121
3165	#FFFFFF	121
3166	#FFFFFF	121
3167	#FFFFFF	30
3168	#FFFFFF	121
3169	#FFFFFF	121
3170	#FFFFFF	1884
3171	#FFFFFF	1884
3172	#FFFFFF	1884
3173	#FFFFFF	135
3174	#FFFFFF	1884
3175	#FFFFFF	1884
3176	#FFFFFF	1884
3177	#FFFFFF	30
3178	#FFFFFF	30
3179	#FFFFFF	30
3180	#FFFFFF	30
3181	#FFFFFF	30
3182	#FFFFFF	30
3183	#FFFFFF	30
3184	#FFFFFF	30
3185	#FFFFFF	30
3186	#FFFFFF	30
3187	#FFFFFF	30
3188	#FFFFFF	30
3189	#FFFFFF	30
3190	#FFFFFF	507
3191	#FFFFFF	507
3192	#FFFFFF	507
3193	#FFFFFF	507
3194	#FFFFFF	30
3195	#FFFFFF	30
3196	#FFFFFF	30
3197	#FFFFFF	30
3198	#FFFFFF	507
3199	#FFFFFF	507
3200	#FFFFFF	507
3201	#FFFFFF	507
3202	#FFFFFF	507
3203	#FFFFFF	121
3204	#FFFFFF	121
3205	#FFFFFF	121
3206	#FFFFFF	30
3207	#FFFFFF	121
3208	#FFFFFF	507
3209	#FFFFFF	507
3210	#FFFFFF	121
3211	#FFFFFF	507
3212	#FFFFFF	121
3213	#FFFFFF	121
3214	#FFFFFF	121
3215	#FFFFFF	121
3216	#FFFFFF	121
3217	#FFFFFF	30
3218	#FFFFFF	121
3219	#FFFFFF	121
3220	#FFFFFF	1884
3221	#FFFFFF	1884
3222	#FFFFFF	1884
3223	#FFFFFF	1884
3224	#FFFFFF	135
3225	#FFFFFF	135
3226	#FFFFFF	1884
3227	#FFFFFF	1884
3228	#FFFFFF	30
3229	#FFFFFF	30
3230	#FFFFFF	30
3231	#FFFFFF	30
3232	#FFFFFF	30
3233	#FFFFFF	30
3234	#FFFFFF	30
3235	#FFFFFF	30
3236	#FFFFFF	30
3237	#FFFFFF	30
3238	#FFFFFF	30
3239	#FFFFFF	30
3240	#FFFFFF	507
3241	#FFFFFF	507
3242	#FFFFFF	507
3243	#FFFFFF	30
3244	#FFFFFF	30
3245	#FFFFFF	30
3246	#FFFFFF	30
3247	#FFFFFF	30
3248	#FFFFFF	507
3249	#FFFFFF	507
3250	#FFFFFF	507
3251	#FFFFFF	507
3252	#FFFFFF	507
3253	#FFFFFF	121
3254	#FFFFFF	121
3255	#FFFFFF	121
3256	#FFFFFF	121
3257	#FFFFFF	30
3258	#FFFFFF	121
3259	#FFFFFF	507
3260	#FFFFFF	121
3261	#FFFFFF	121
3262	#FFFFFF	121
3263	#FFFFFF	121
3264	#FFFFFF	121
3265	#FFFFFF	121
3267	#FFFFFF	121
3268	#FFFFFF	30
3269	#FFFFFF	121
3270	#FFFFFF	121
3271	#FFFFFF	1884
3272	#FFFFFF	1884
3273	#FFFFFF	1884
3274	#FFFFFF	135
3275	#FFFFFF	135
3277	#FFFFFF	135
3278	#FFFFFF	30
3279	#FFFFFF	30
3280	#FFFFFF	30
3281	#FFFFFF	30
3282	#FFFFFF	30
3283	#FFFFFF	30
3284	#FFFFFF	30
3285	#FFFFFF	30
3286	#FFFFFF	30
3287	#FFFFFF	30
3288	#FFFFFF	30
3289	#FFFFFF	30
3290	#FFFFFF	507
3291	#FFFFFF	507
3292	#FFFFFF	30
3293	#FFFFFF	30
3294	#FFFFFF	30
3295	#FFFFFF	30
3296	#FFFFFF	30
3297	#FFFFFF	507
3298	#FFFFFF	30
3299	#FFFFFF	507
3300	#FFFFFF	507
3301	#FFFFFF	507
3302	#FFFFFF	507
3303	#FFFFFF	121
3304	#FFFFFF	121
3305	#FFFFFF	507
3306	#FFFFFF	121
3307	#FFFFFF	30
3308	#FFFFFF	121
3309	#FFFFFF	507
3310	#FFFFFF	121
3311	#FFFFFF	121
3312	#FFFFFF	121
3313	#FFFFFF	121
3314	#FFFFFF	121
3315	#FFFFFF	121
3316	#FFFFFF	121
3317	#FFFFFF	121
3318	#FFFFFF	30
3319	#FFFFFF	121
3320	#FFFFFF	121
3321	#FFFFFF	121
3322	#FFFFFF	1884
3323	#FFFFFF	1884
3324	#FFFFFF	135
3325	#FFFFFF	135
3326	#FFFFFF	135
3327	#FFFFFF	135
3328	#FFFFFF	135
3329	#FFFFFF	30
3330	#FFFFFF	30
3331	#FFFFFF	30
3332	#FFFFFF	30
3333	#FFFFFF	30
3334	#FFFFFF	30
3335	#FFFFFF	30
3336	#FFFFFF	30
3337	#FFFFFF	30
3338	#FFFFFF	30
3339	#FFFFFF	30
3340	#FFFFFF	507
3341	#FFFFFF	30
3342	#FFFFFF	507
3343	#FFFFFF	30
3344	#FFFFFF	30
3345	#FFFFFF	30
3346	#FFFFFF	507
3347	#FFFFFF	30
3348	#FFFFFF	30
3349	#FFFFFF	30
3350	#FFFFFF	507
3351	#FFFFFF	507
3352	#FFFFFF	507
3353	#FFFFFF	121
3354	#FFFFFF	121
3355	#FFFFFF	121
3356	#FFFFFF	507
3357	#FFFFFF	121
3358	#FFFFFF	30
3359	#FFFFFF	121
3360	#FFFFFF	507
3361	#FFFFFF	121
3362	#FFFFFF	121
3363	#FFFFFF	121
3364	#FFFFFF	121
3365	#FFFFFF	121
3366	#FFFFFF	121
3367	#FFFFFF	121
3368	#FFFFFF	1884
3369	#FFFFFF	30
3370	#FFFFFF	121
3371	#FFFFFF	121
3372	#FFFFFF	1884
3373	#FFFFFF	1884
3374	#FFFFFF	1884
3375	#FFFFFF	135
3376	#FFFFFF	135
3377	#FFFFFF	135
3378	#FFFFFF	135
3379	#FFFFFF	30
3380	#FFFFFF	30
3381	#FFFFFF	30
3382	#FFFFFF	30
3383	#FFFFFF	30
3384	#FFFFFF	821
3385	#FFFFFF	821
3386	#FFFFFF	821
3387	#FFFFFF	142
3388	#FFFFFF	142
3389	#FFFFFF	142
3390	#FFFFFF	142
3391	#FFFFFF	142
3392	#FFFFFF	142
3393	#FFFFFF	142
3394	#FFFFFF	142
3395	#FFFFFF	142
3396	#FFFFFF	1016
3397	#FFFFFF	821
3398	#FFFFFF	1016
3399	#FFFFFF	1016
3400	#FFFFFF	1016
3401	#FFFFFF	1016
3402	#FFFFFF	1016
3403	#FFFFFF	1016
3404	#FFFFFF	1016
3405	#FFFFFF	1016
3406	#FFFFFF	1016
3407	#FFFFFF	1016
3408	#FFFFFF	821
3409	#FFFFFF	1016
3410	#FFFFFF	1016
3411	#FFFFFF	1016
3412	#FFFFFF	1016
3413	#FFFFFF	1016
3414	#FFFFFF	142
3415	#FFFFFF	142
3416	#FFFFFF	142
3417	#FFFFFF	142
3418	#FFFFFF	142
3419	#FFFFFF	821
3420	#FFFFFF	512
3421	#FFFFFF	512
3422	#FFFFFF	512
3423	#FFFFFF	512
3424	#FFFFFF	512
3425	#FFFFFF	512
3426	#FFFFFF	512
3427	#FFFFFF	512
3428	#FFFFFF	512
3429	#FFFFFF	512
3430	#FFFFFF	821
3431	#FFFFFF	821
3432	#FFFFFF	821
3433	#FFFFFF	142
3434	#FFFFFF	142
3435	#FFFFFF	821
3436	#FFFFFF	821
3437	#FFFFFF	821
3438	#FFFFFF	142
3439	#FFFFFF	142
3440	#FFFFFF	142
3441	#FFFFFF	142
3442	#FFFFFF	142
3443	#FFFFFF	142
3444	#FFFFFF	142
3445	#FFFFFF	142
3446	#FFFFFF	1016
3447	#FFFFFF	1016
3448	#FFFFFF	821
3449	#FFFFFF	1016
3450	#FFFFFF	1016
3451	#FFFFFF	1016
3452	#FFFFFF	1016
3453	#FFFFFF	1016
3454	#FFFFFF	1016
3455	#FFFFFF	1016
3456	#FFFFFF	1016
3457	#FFFFFF	1016
3458	#FFFFFF	1016
3459	#FFFFFF	821
3460	#FFFFFF	1016
3461	#FFFFFF	1016
3462	#FFFFFF	1016
3463	#FFFFFF	1016
3464	#FFFFFF	142
3465	#FFFFFF	142
3466	#FFFFFF	142
3467	#FFFFFF	142
3468	#FFFFFF	142
3469	#FFFFFF	512
3470	#FFFFFF	821
3471	#FFFFFF	512
3472	#FFFFFF	512
3473	#FFFFFF	512
3474	#FFFFFF	512
3475	#FFFFFF	512
3476	#FFFFFF	512
3477	#FFFFFF	512
3478	#FFFFFF	512
3479	#FFFFFF	512
3480	#FFFFFF	821
3481	#FFFFFF	821
3482	#FFFFFF	821
3483	#FFFFFF	142
3484	#FFFFFF	142
3485	#FFFFFF	30
3486	#FFFFFF	30
3487	#FFFFFF	30
3488	#FFFFFF	30
3489	#FFFFFF	30
3490	#FFFFFF	30
3491	#FFFFFF	30
3493	#FFFFFF	507
3494	#FFFFFF	507
3495	#FFFFFF	507
3496	#FFFFFF	30
3497	#FFFFFF	507
3498	#FFFFFF	30
3499	#FFFFFF	507
3500	#FFFFFF	30
3501	#FFFFFF	507
3502	#FFFFFF	507
3503	#FFFFFF	507
3504	#FFFFFF	507
3505	#FFFFFF	121
3506	#FFFFFF	121
3507	#FFFFFF	507
3508	#FFFFFF	1884
3509	#FFFFFF	30
3510	#FFFFFF	121
3511	#FFFFFF	121
3512	#FFFFFF	121
3513	#FFFFFF	121
3514	#FFFFFF	121
3515	#FFFFFF	121
3516	#FFFFFF	121
3517	#FFFFFF	121
3518	#FFFFFF	121
3519	#FFFFFF	121
3520	#FFFFFF	30
3521	#FFFFFF	1884
3522	#FFFFFF	121
3523	#FFFFFF	1884
3524	#FFFFFF	1884
3525	#FFFFFF	1884
3526	#FFFFFF	135
3527	#FFFFFF	135
3528	#FFFFFF	135
3529	#FFFFFF	135
3530	#FFFFFF	135
3531	#FFFFFF	30
3532	#FFFFFF	30
3533	#FFFFFF	30
3534	#FFFFFF	30
3535	#FFFFFF	30
3536	#FFFFFF	30
3537	#FFFFFF	30
3538	#FFFFFF	30
3539	#FFFFFF	30
3540	#FFFFFF	30
3541	#FFFFFF	30
3542	#FFFFFF	30
3543	#FFFFFF	30
3544	#FFFFFF	507
3545	#FFFFFF	507
3546	#FFFFFF	30
3547	#FFFFFF	30
3548	#FFFFFF	507
3549	#FFFFFF	30
3550	#FFFFFF	507
3551	#FFFFFF	30
3552	#FFFFFF	507
3553	#FFFFFF	507
3554	#FFFFFF	507
3555	#FFFFFF	121
3556	#FFFFFF	121
3557	#FFFFFF	121
3558	#FFFFFF	507
3559	#FFFFFF	1884
3560	#FFFFFF	30
3561	#FFFFFF	1884
3562	#FFFFFF	121
3563	#FFFFFF	121
3564	#FFFFFF	121
3565	#FFFFFF	121
3566	#FFFFFF	121
3567	#FFFFFF	121
3568	#FFFFFF	121
3569	#FFFFFF	121
3570	#FFFFFF	1884
3571	#FFFFFF	30
3572	#FFFFFF	1884
3573	#FFFFFF	121
3574	#FFFFFF	1884
3575	#FFFFFF	1884
3576	#FFFFFF	1884
3577	#FFFFFF	1884
3578	#FFFFFF	135
3579	#FFFFFF	135
3580	#FFFFFF	135
3581	#FFFFFF	30
3582	#FFFFFF	30
3583	#FFFFFF	30
3584	#FFFFFF	30
3585	#FFFFFF	30
3586	#FFFFFF	30
3587	#FFFFFF	356
3588	#FFFFFF	30
3589	#FFFFFF	30
3590	#FFFFFF	30
3591	#FFFFFF	30
3592	#FFFFFF	30
3593	#FFFFFF	30
3594	#FFFFFF	30
3595	#FFFFFF	507
3596	#FFFFFF	30
3597	#FFFFFF	507
3598	#FFFFFF	507
3599	#FFFFFF	356
3600	#FFFFFF	507
3601	#FFFFFF	507
3602	#FFFFFF	30
3603	#FFFFFF	507
3604	#FFFFFF	507
3605	#FFFFFF	121
3606	#FFFFFF	121
3607	#FFFFFF	121
3608	#FFFFFF	121
3609	#FFFFFF	507
3610	#FFFFFF	30
3611	#FFFFFF	1884
3612	#FFFFFF	1884
3613	#FFFFFF	121
3614	#FFFFFF	121
3615	#FFFFFF	121
3616	#FFFFFF	121
3617	#FFFFFF	121
3618	#FFFFFF	121
3619	#FFFFFF	121
3620	#FFFFFF	1884
3621	#FFFFFF	30
3622	#FFFFFF	1884
3623	#FFFFFF	1884
3624	#FFFFFF	1884
3625	#FFFFFF	1884
3626	#FFFFFF	1884
3627	#FFFFFF	1884
3628	#FFFFFF	135
3629	#FFFFFF	135
3630	#FFFFFF	135
3631	#FFFFFF	135
3632	#FFFFFF	30
3633	#FFFFFF	30
3634	#FFFFFF	30
3635	#FFFFFF	30
3636	#FFFFFF	30
3637	#FFFFFF	30
3638	#FFFFFF	356
3639	#FFFFFF	356
3640	#FFFFFF	30
3641	#FFFFFF	30
3642	#FFFFFF	30
3643	#FFFFFF	30
3644	#FFFFFF	30
3645	#FFFFFF	30
3646	#FFFFFF	30
3647	#FFFFFF	507
3648	#FFFFFF	507
3649	#FFFFFF	507
3650	#FFFFFF	30
3651	#FFFFFF	507
3652	#FFFFFF	507
3653	#FFFFFF	507
3654	#FFFFFF	507
3655	#FFFFFF	507
3656	#FFFFFF	121
3657	#FFFFFF	121
3658	#FFFFFF	121
3659	#FFFFFF	507
3660	#FFFFFF	1884
3661	#FFFFFF	30
3662	#FFFFFF	1884
3663	#FFFFFF	121
3664	#FFFFFF	121
3665	#FFFFFF	121
3666	#FFFFFF	121
3667	#FFFFFF	121
3668	#FFFFFF	121
3669	#FFFFFF	121
3670	#FFFFFF	1884
3671	#FFFFFF	1884
3672	#FFFFFF	30
3673	#FFFFFF	1884
3674	#FFFFFF	1884
3675	#FFFFFF	1884
3676	#FFFFFF	1884
3677	#FFFFFF	1884
3678	#FFFFFF	1884
3679	#FFFFFF	135
3680	#FFFFFF	135
3681	#FFFFFF	135
3682	#FFFFFF	30
3683	#FFFFFF	30
3684	#FFFFFF	30
3685	#FFFFFF	30
3686	#FFFFFF	30
3687	#FFFFFF	356
3688	#FFFFFF	30
3689	#FFFFFF	356
3690	#FFFFFF	30
3691	#FFFFFF	30
3692	#FFFFFF	30
3693	#FFFFFF	30
3694	#FFFFFF	30
3695	#FFFFFF	30
3696	#FFFFFF	30
3697	#FFFFFF	30
3698	#FFFFFF	30
3699	#FFFFFF	507
3700	#FFFFFF	356
3701	#FFFFFF	507
3702	#FFFFFF	507
3703	#FFFFFF	507
3704	#FFFFFF	507
3705	#FFFFFF	507
3706	#FFFFFF	121
3707	#FFFFFF	121
3708	#FFFFFF	507
3709	#FFFFFF	507
3710	#FFFFFF	507
3711	#FFFFFF	30
3712	#FFFFFF	1884
3713	#FFFFFF	1884
3714	#FFFFFF	121
3715	#FFFFFF	121
3716	#FFFFFF	121
3717	#FFFFFF	121
3718	#FFFFFF	121
3719	#FFFFFF	121
3720	#FFFFFF	121
3722	#FFFFFF	30
3723	#FFFFFF	1884
3724	#FFFFFF	1884
3725	#FFFFFF	1884
3726	#FFFFFF	1884
3727	#FFFFFF	1884
3728	#FFFFFF	1884
3729	#FFFFFF	1884
3730	#FFFFFF	135
3731	#FFFFFF	135
3732	#FFFFFF	135
3733	#FFFFFF	30
3734	#FFFFFF	30
3735	#FFFFFF	30
3736	#FFFFFF	30
3737	#FFFFFF	30
3738	#FFFFFF	30
3739	#FFFFFF	30
3740	#FFFFFF	356
3741	#FFFFFF	30
3742	#FFFFFF	30
3743	#FFFFFF	30
3744	#FFFFFF	30
3745	#FFFFFF	507
3746	#FFFFFF	507
3747	#FFFFFF	30
3748	#FFFFFF	30
3749	#FFFFFF	30
3750	#FFFFFF	507
3751	#FFFFFF	30
3752	#FFFFFF	507
3753	#FFFFFF	507
3754	#FFFFFF	507
3755	#FFFFFF	507
3756	#FFFFFF	121
3757	#FFFFFF	121
3758	#FFFFFF	507
3759	#FFFFFF	507
3760	#FFFFFF	507
3761	#FFFFFF	1884
3762	#FFFFFF	30
3763	#FFFFFF	1884
3764	#FFFFFF	121
3765	#FFFFFF	1884
3766	#FFFFFF	121
3767	#FFFFFF	121
3768	#FFFFFF	121
3769	#FFFFFF	121
3770	#FFFFFF	121
3771	#FFFFFF	1884
3772	#FFFFFF	1884
3773	#FFFFFF	30
3774	#FFFFFF	1884
3775	#FFFFFF	1884
3776	#FFFFFF	1884
3777	#FFFFFF	1884
3778	#FFFFFF	1884
3779	#FFFFFF	1884
3780	#FFFFFF	1884
3781	#FFFFFF	135
3782	#FFFFFF	1884
3783	#FFFFFF	30
3784	#FFFFFF	30
3785	#FFFFFF	30
3786	#FFFFFF	30
3787	#FFFFFF	30
3788	#FFFFFF	356
3789	#FFFFFF	356
3790	#FFFFFF	356
3791	#FFFFFF	30
3792	#FFFFFF	30
3793	#FFFFFF	30
3794	#FFFFFF	30
3795	#FFFFFF	507
3796	#FFFFFF	507
3797	#FFFFFF	507
3798	#FFFFFF	507
3799	#FFFFFF	30
3800	#FFFFFF	507
3801	#FFFFFF	356
3802	#FFFFFF	507
3803	#FFFFFF	507
3804	#FFFFFF	507
3805	#FFFFFF	507
3806	#FFFFFF	507
3807	#FFFFFF	507
3808	#FFFFFF	121
3809	#FFFFFF	507
3810	#FFFFFF	507
3811	#FFFFFF	507
3812	#FFFFFF	30
3813	#FFFFFF	1884
3814	#FFFFFF	1884
3815	#FFFFFF	1884
3816	#FFFFFF	121
3818	#FFFFFF	121
3819	#FFFFFF	121
3820	#FFFFFF	121
3821	#FFFFFF	121
3822	#FFFFFF	1884
3823	#FFFFFF	30
3824	#FFFFFF	1884
3825	#FFFFFF	1884
3826	#FFFFFF	1884
3827	#FFFFFF	1884
3828	#FFFFFF	1884
3829	#FFFFFF	1884
3830	#FFFFFF	1884
3831	#FFFFFF	1884
3832	#FFFFFF	1884
3833	#FFFFFF	1884
3834	#FFFFFF	30
3835	#FFFFFF	30
3836	#FFFFFF	30
3837	#FFFFFF	30
3838	#FFFFFF	30
3839	#FFFFFF	356
3840	#FFFFFF	356
3841	#FFFFFF	356
3842	#FFFFFF	30
3843	#FFFFFF	30
3844	#FFFFFF	30
3845	#FFFFFF	30
3846	#FFFFFF	507
3847	#FFFFFF	507
3848	#FFFFFF	507
3849	#FFFFFF	30
3850	#FFFFFF	507
3851	#FFFFFF	507
3852	#FFFFFF	356
3853	#FFFFFF	507
3854	#FFFFFF	507
3855	#FFFFFF	507
3856	#FFFFFF	507
3857	#FFFFFF	507
3858	#FFFFFF	507
3859	#FFFFFF	507
3860	#FFFFFF	507
3861	#FFFFFF	507
3862	#FFFFFF	1884
3863	#FFFFFF	356
3864	#FFFFFF	1884
3865	#FFFFFF	1884
3866	#FFFFFF	1884
3868	#FFFFFF	121
3869	#FFFFFF	121
3870	#FFFFFF	121
3871	#FFFFFF	121
3872	#FFFFFF	1884
3873	#FFFFFF	1884
3874	#FFFFFF	30
3875	#FFFFFF	1884
3876	#FFFFFF	1884
3877	#FFFFFF	1884
3878	#FFFFFF	1884
3879	#FFFFFF	1884
3880	#FFFFFF	1884
3881	#FFFFFF	1884
3882	#FFFFFF	1884
3883	#FFFFFF	1884
3884	#FFFFFF	30
3885	#FFFFFF	30
3886	#FFFFFF	30
3887	#FFFFFF	30
3888	#FFFFFF	30
3889	#FFFFFF	356
3890	#FFFFFF	356
3891	#FFFFFF	356
3892	#FFFFFF	30
3893	#FFFFFF	30
3894	#FFFFFF	30
3895	#FFFFFF	30
3896	#FFFFFF	30
3897	#FFFFFF	507
3898	#FFFFFF	507
3899	#FFFFFF	507
3900	#FFFFFF	507
3901	#FFFFFF	507
3902	#FFFFFF	1012
3903	#FFFFFF	507
3904	#FFFFFF	507
3905	#FFFFFF	507
3906	#FFFFFF	507
3907	#FFFFFF	507
3908	#FFFFFF	507
3909	#FFFFFF	507
3910	#FFFFFF	507
3911	#FFFFFF	507
3912	#FFFFFF	507
3913	#FFFFFF	356
3914	#FFFFFF	1884
3915	#FFFFFF	1884
3917	#FFFFFF	1884
3918	#FFFFFF	121
3919	#FFFFFF	121
3920	#FFFFFF	121
3921	#FFFFFF	121
3922	#FFFFFF	121
3923	#FFFFFF	1884
3924	#FFFFFF	30
3925	#FFFFFF	1884
3926	#FFFFFF	1884
3927	#FFFFFF	1884
3928	#FFFFFF	1884
3929	#FFFFFF	1884
3930	#FFFFFF	1884
3931	#FFFFFF	1884
3932	#FFFFFF	1884
3933	#FFFFFF	1884
3934	#FFFFFF	1884
3935	#FFFFFF	30
3936	#FFFFFF	30
3937	#FFFFFF	30
3938	#FFFFFF	30
3939	#FFFFFF	30
3940	#FFFFFF	356
3941	#FFFFFF	356
3942	#FFFFFF	356
3943	#FFFFFF	30
3944	#FFFFFF	30
3945	#FFFFFF	30
3946	#FFFFFF	30
3947	#FFFFFF	507
3948	#FFFFFF	507
3949	#FFFFFF	507
3950	#FFFFFF	507
3951	#FFFFFF	507
3952	#FFFFFF	507
3953	#FFFFFF	1012
3954	#FFFFFF	507
3955	#FFFFFF	507
3956	#FFFFFF	507
3957	#FFFFFF	507
3958	#FFFFFF	507
3959	#FFFFFF	507
3960	#FFFFFF	30
3961	#FFFFFF	507
3962	#FFFFFF	507
3963	#FFFFFF	507
3964	#FFFFFF	356
3965	#FFFFFF	1884
3966	#FFFFFF	1884
3967	#FFFFFF	1884
3968	#FFFFFF	1884
3969	#FFFFFF	121
3970	#FFFFFF	121
3971	#FFFFFF	121
3972	#FFFFFF	121
3973	#FFFFFF	1884
3974	#FFFFFF	1884
3975	#FFFFFF	356
3976	#FFFFFF	1884
3977	#FFFFFF	1884
3978	#FFFFFF	1884
3979	#FFFFFF	1884
3980	#FFFFFF	1884
3981	#FFFFFF	1884
3982	#FFFFFF	1884
3983	#FFFFFF	1884
3984	#FFFFFF	1884
3985	#FFFFFF	30
3986	#FFFFFF	356
3987	#FFFFFF	356
3988	#FFFFFF	30
3989	#FFFFFF	30
3990	#FFFFFF	356
3991	#FFFFFF	1012
3992	#FFFFFF	356
3993	#FFFFFF	30
3994	#FFFFFF	30
3995	#FFFFFF	30
3996	#FFFFFF	30
3997	#FFFFFF	30
3998	#FFFFFF	507
3999	#FFFFFF	507
4000	#FFFFFF	507
4001	#FFFFFF	507
4002	#FFFFFF	507
4003	#FFFFFF	1012
4004	#FFFFFF	507
4005	#FFFFFF	507
4006	#FFFFFF	507
4007	#FFFFFF	507
4008	#FFFFFF	507
4009	#FFFFFF	507
4010	#FFFFFF	507
4011	#FFFFFF	30
4012	#FFFFFF	30
4013	#FFFFFF	507
4014	#FFFFFF	356
4015	#FFFFFF	507
4016	#FFFFFF	1884
4017	#FFFFFF	507
4018	#FFFFFF	1884
4019	#FFFFFF	121
4021	#FFFFFF	121
4022	#FFFFFF	121
4023	#FFFFFF	121
4024	#FFFFFF	1884
4025	#FFFFFF	356
4026	#FFFFFF	1884
4027	#FFFFFF	1884
4028	#FFFFFF	1884
4029	#FFFFFF	1884
4030	#FFFFFF	1884
4031	#FFFFFF	1884
4032	#FFFFFF	1884
4033	#FFFFFF	1884
4034	#FFFFFF	1884
4035	#FFFFFF	1884
4036	#FFFFFF	30
4037	#FFFFFF	356
4038	#FFFFFF	356
4039	#FFFFFF	30
4040	#FFFFFF	30
4041	#FFFFFF	821
4042	#FFFFFF	821
4043	#FFFFFF	821
4044	#FFFFFF	142
4045	#FFFFFF	142
4046	#FFFFFF	142
4047	#FFFFFF	142
4048	#FFFFFF	142
4049	#FFFFFF	142
4050	#FFFFFF	142
4051	#FFFFFF	142
4052	#FFFFFF	142
4053	#FFFFFF	1016
4054	#FFFFFF	821
4055	#FFFFFF	1016
4056	#FFFFFF	1016
4057	#FFFFFF	1016
4058	#FFFFFF	1016
4059	#FFFFFF	1016
4060	#FFFFFF	1016
4061	#FFFFFF	1016
4062	#FFFFFF	1016
4063	#FFFFFF	1016
4064	#FFFFFF	1016
4065	#FFFFFF	821
4066	#FFFFFF	1016
4067	#FFFFFF	1016
4068	#FFFFFF	1016
4069	#FFFFFF	142
4070	#FFFFFF	142
4071	#FFFFFF	142
4072	#FFFFFF	142
4073	#FFFFFF	142
4074	#FFFFFF	142
4075	#FFFFFF	142
4076	#FFFFFF	142
4077	#FFFFFF	142
4078	#FFFFFF	512
4079	#FFFFFF	512
4080	#FFFFFF	512
4081	#FFFFFF	512
4082	#FFFFFF	512
4083	#FFFFFF	512
4084	#FFFFFF	512
4085	#FFFFFF	512
4086	#FFFFFF	512
4087	#FFFFFF	821
4088	#FFFFFF	821
4089	#FFFFFF	821
4090	#FFFFFF	821
4091	#FFFFFF	821
4092	#FFFFFF	821
4093	#FFFFFF	821
4094	#FFFFFF	821
4095	#FFFFFF	142
4096	#FFFFFF	142
4097	#FFFFFF	142
4098	#FFFFFF	142
4099	#FFFFFF	142
4100	#FFFFFF	142
4101	#FFFFFF	1016
4102	#FFFFFF	1016
4103	#FFFFFF	1016
4104	#FFFFFF	1016
4105	#FFFFFF	821
4106	#FFFFFF	1016
4107	#FFFFFF	1016
4108	#FFFFFF	1016
4109	#FFFFFF	1016
4110	#FFFFFF	1016
4111	#FFFFFF	1016
4112	#FFFFFF	1016
4113	#FFFFFF	1016
4114	#FFFFFF	1016
4115	#FFFFFF	1016
4116	#FFFFFF	821
4117	#FFFFFF	1016
4118	#FFFFFF	1016
4119	#FFFFFF	142
4120	#FFFFFF	142
4121	#FFFFFF	142
4122	#FFFFFF	142
4123	#FFFFFF	142
4124	#FFFFFF	142
4125	#FFFFFF	142
4126	#FFFFFF	142
4127	#FFFFFF	142
4128	#FFFFFF	512
4129	#FFFFFF	512
4130	#FFFFFF	512
4131	#FFFFFF	512
4132	#FFFFFF	512
4133	#FFFFFF	512
4134	#FFFFFF	512
4135	#FFFFFF	512
4136	#FFFFFF	512
4137	#FFFFFF	821
4138	#FFFFFF	142
4139	#FFFFFF	821
4140	#FFFFFF	821
4141	#FFFFFF	142
4142	#FFFFFF	821
4143	#FFFFFF	821
4144	#FFFFFF	142
4145	#FFFFFF	142
4146	#FFFFFF	142
4147	#FFFFFF	142
4148	#FFFFFF	142
4149	#FFFFFF	1016
4150	#FFFFFF	1016
4151	#FFFFFF	142
4152	#FFFFFF	1016
4153	#FFFFFF	1016
4154	#FFFFFF	1016
4155	#FFFFFF	821
4156	#FFFFFF	1016
4157	#FFFFFF	1016
4158	#FFFFFF	1016
4159	#FFFFFF	1016
4160	#FFFFFF	1016
4161	#FFFFFF	1016
4162	#FFFFFF	1016
4163	#FFFFFF	1016
4164	#FFFFFF	1016
4165	#FFFFFF	1016
4166	#FFFFFF	821
4167	#FFFFFF	1016
4168	#FFFFFF	1016
4169	#FFFFFF	1016
4170	#FFFFFF	142
4171	#FFFFFF	142
4172	#FFFFFF	142
4173	#FFFFFF	142
4174	#FFFFFF	142
4175	#FFFFFF	142
4176	#FFFFFF	142
4177	#FFFFFF	821
4178	#FFFFFF	142
4179	#FFFFFF	512
4180	#FFFFFF	512
4181	#FFFFFF	512
4182	#FFFFFF	512
4183	#FFFFFF	512
4184	#FFFFFF	512
4185	#FFFFFF	512
4186	#FFFFFF	512
4187	#FFFFFF	512
4188	#FFFFFF	142
4189	#FFFFFF	821
4190	#FFFFFF	142
4191	#FFFFFF	142
4192	#FFFFFF	142
4193	#FFFFFF	821
4194	#FFFFFF	821
4195	#FFFFFF	142
4196	#FFFFFF	142
4197	#FFFFFF	142
4198	#FFFFFF	142
4199	#FFFFFF	142
4200	#FFFFFF	1016
4201	#FFFFFF	142
4202	#FFFFFF	1016
4203	#FFFFFF	1016
4204	#FFFFFF	1016
4205	#FFFFFF	1016
4206	#FFFFFF	821
4207	#FFFFFF	1016
4208	#FFFFFF	1016
4209	#FFFFFF	1016
4210	#FFFFFF	1016
4211	#FFFFFF	1016
4212	#FFFFFF	1016
4213	#FFFFFF	1016
4214	#FFFFFF	1016
4215	#FFFFFF	1016
4216	#FFFFFF	1016
4217	#FFFFFF	821
4218	#FFFFFF	1016
4219	#FFFFFF	1016
4220	#FFFFFF	1016
4221	#FFFFFF	142
4222	#FFFFFF	142
4223	#FFFFFF	142
4224	#FFFFFF	142
4225	#FFFFFF	142
4226	#FFFFFF	142
4227	#FFFFFF	142
4228	#FFFFFF	821
4229	#FFFFFF	142
4230	#FFFFFF	142
4231	#FFFFFF	142
4232	#FFFFFF	512
4233	#FFFFFF	512
4234	#FFFFFF	512
4235	#FFFFFF	512
4236	#FFFFFF	512
4237	#FFFFFF	512
4238	#FFFFFF	142
4239	#FFFFFF	142
4240	#FFFFFF	142
4241	#FFFFFF	142
4242	#FFFFFF	142
4243	#FFFFFF	142
4244	#FFFFFF	142
4245	#FFFFFF	142
4246	#FFFFFF	142
4247	#FFFFFF	142
4248	#FFFFFF	142
4249	#FFFFFF	142
4250	#FFFFFF	1016
4251	#FFFFFF	1016
4252	#FFFFFF	142
4253	#FFFFFF	1016
4254	#FFFFFF	1016
4255	#FFFFFF	1016
4256	#FFFFFF	142
4257	#FFFFFF	1016
4258	#FFFFFF	1016
4259	#FFFFFF	1016
4260	#FFFFFF	1016
4261	#FFFFFF	1016
4262	#FFFFFF	1016
4263	#FFFFFF	1016
4264	#FFFFFF	1016
4265	#FFFFFF	1016
4266	#FFFFFF	1016
4267	#FFFFFF	142
4268	#FFFFFF	1016
4269	#FFFFFF	1016
4270	#FFFFFF	1016
4271	#FFFFFF	1016
4272	#FFFFFF	142
4273	#FFFFFF	142
4274	#FFFFFF	142
4275	#FFFFFF	142
4276	#FFFFFF	142
4277	#FFFFFF	142
4278	#FFFFFF	821
4279	#FFFFFF	142
4280	#FFFFFF	142
4281	#FFFFFF	142
4282	#FFFFFF	512
4283	#FFFFFF	512
4284	#FFFFFF	512
4285	#FFFFFF	512
4286	#FFFFFF	512
4287	#FFFFFF	512
4288	#FFFFFF	512
4289	#FFFFFF	821
4290	#FFFFFF	142
4291	#FFFFFF	142
4292	#FFFFFF	142
4293	#FFFFFF	142
4294	#FFFFFF	142
4295	#FFFFFF	142
4296	#FFFFFF	821
4297	#FFFFFF	142
4298	#FFFFFF	142
4299	#FFFFFF	142
4300	#FFFFFF	142
4301	#FFFFFF	142
4302	#FFFFFF	1016
4303	#FFFFFF	142
4304	#FFFFFF	1016
4305	#FFFFFF	1016
4306	#FFFFFF	1016
4307	#FFFFFF	142
4308	#FFFFFF	1016
4309	#FFFFFF	1016
4310	#FFFFFF	1016
4311	#FFFFFF	1016
4312	#FFFFFF	1016
4313	#FFFFFF	1016
4314	#FFFFFF	1016
4315	#FFFFFF	1016
4316	#FFFFFF	1016
4317	#FFFFFF	1016
4318	#FFFFFF	821
4319	#FFFFFF	1016
4320	#FFFFFF	1016
4321	#FFFFFF	142
4322	#FFFFFF	142
4323	#FFFFFF	142
4324	#FFFFFF	142
4325	#FFFFFF	142
4326	#FFFFFF	142
4327	#FFFFFF	142
4328	#FFFFFF	142
4329	#FFFFFF	142
4330	#FFFFFF	142
4331	#FFFFFF	142
4332	#FFFFFF	512
4333	#FFFFFF	512
4334	#FFFFFF	512
4335	#FFFFFF	512
4336	#FFFFFF	512
4337	#FFFFFF	512
4338	#FFFFFF	512
4339	#FFFFFF	142
4340	#FFFFFF	142
4341	#FFFFFF	142
4342	#FFFFFF	142
4343	#FFFFFF	142
4344	#FFFFFF	142
4345	#FFFFFF	821
4346	#FFFFFF	821
4347	#FFFFFF	142
4348	#FFFFFF	142
4349	#FFFFFF	142
4350	#FFFFFF	142
4351	#FFFFFF	142
4352	#FFFFFF	1016
4353	#FFFFFF	1016
4354	#FFFFFF	1016
4355	#FFFFFF	1016
4356	#FFFFFF	1016
4357	#FFFFFF	821
4358	#FFFFFF	1016
4359	#FFFFFF	1016
4360	#FFFFFF	1016
4361	#FFFFFF	1016
4362	#FFFFFF	1016
4363	#FFFFFF	1016
4364	#FFFFFF	1016
4365	#FFFFFF	1016
4366	#FFFFFF	1016
4367	#FFFFFF	1016
4368	#FFFFFF	821
4369	#FFFFFF	1016
4370	#FFFFFF	1016
4371	#FFFFFF	142
4372	#FFFFFF	142
4373	#FFFFFF	142
4374	#FFFFFF	1016
4375	#FFFFFF	142
4376	#FFFFFF	142
4377	#FFFFFF	142
4378	#FFFFFF	142
4379	#FFFFFF	821
4380	#FFFFFF	142
4381	#FFFFFF	142
4382	#FFFFFF	512
4383	#FFFFFF	512
4384	#FFFFFF	512
4385	#FFFFFF	512
4386	#FFFFFF	512
4387	#FFFFFF	512
4388	#FFFFFF	512
4389	#FFFFFF	512
4390	#FFFFFF	142
4391	#FFFFFF	821
4392	#FFFFFF	142
4393	#FFFFFF	142
4394	#FFFFFF	142
4395	#FFFFFF	142
4396	#FFFFFF	821
4397	#FFFFFF	821
4398	#FFFFFF	142
4399	#FFFFFF	142
4400	#FFFFFF	142
4401	#FFFFFF	142
4402	#FFFFFF	142
4403	#FFFFFF	1016
4404	#FFFFFF	1016
4405	#FFFFFF	1016
4406	#FFFFFF	1016
4407	#FFFFFF	1016
4408	#FFFFFF	821
4409	#FFFFFF	1016
4410	#FFFFFF	1016
4411	#FFFFFF	1016
4412	#FFFFFF	1016
4413	#FFFFFF	1016
4414	#FFFFFF	1016
4415	#FFFFFF	1016
4416	#FFFFFF	1016
4417	#FFFFFF	1016
4418	#FFFFFF	1016
4419	#FFFFFF	821
4420	#FFFFFF	1016
4421	#FFFFFF	142
4422	#FFFFFF	142
4423	#FFFFFF	1016
4424	#FFFFFF	1016
4425	#FFFFFF	142
4426	#FFFFFF	142
4427	#FFFFFF	142
4428	#FFFFFF	142
4429	#FFFFFF	142
4430	#FFFFFF	821
4431	#FFFFFF	142
4432	#FFFFFF	142
4433	#FFFFFF	512
4434	#FFFFFF	512
4435	#FFFFFF	512
4436	#FFFFFF	142
4437	#FFFFFF	512
4438	#FFFFFF	512
4439	#FFFFFF	512
4440	#FFFFFF	821
4441	#FFFFFF	821
4442	#FFFFFF	142
4443	#FFFFFF	142
4444	#FFFFFF	142
4445	#FFFFFF	142
4446	#FFFFFF	142
4447	#FFFFFF	821
4448	#FFFFFF	142
4449	#FFFFFF	142
4450	#FFFFFF	142
4451	#FFFFFF	142
4452	#FFFFFF	142
4453	#FFFFFF	1016
4454	#FFFFFF	1016
4455	#FFFFFF	1016
4456	#FFFFFF	1016
4457	#FFFFFF	1016
4458	#FFFFFF	821
4459	#FFFFFF	1016
4460	#FFFFFF	1016
4461	#FFFFFF	1016
4462	#FFFFFF	1016
4463	#FFFFFF	1016
4465	#FFFFFF	1016
4466	#FFFFFF	1016
4467	#FFFFFF	1016
4468	#FFFFFF	1016
4469	#FFFFFF	821
4470	#FFFFFF	1016
4471	#FFFFFF	1016
4472	#FFFFFF	142
4473	#FFFFFF	1016
4474	#FFFFFF	1016
4475	#FFFFFF	1016
4476	#FFFFFF	142
4477	#FFFFFF	142
4478	#FFFFFF	142
4479	#FFFFFF	142
4480	#FFFFFF	821
4481	#FFFFFF	142
4482	#FFFFFF	142
4483	#FFFFFF	142
4484	#FFFFFF	142
4485	#FFFFFF	512
4486	#FFFFFF	512
4487	#FFFFFF	142
4488	#FFFFFF	142
4489	#FFFFFF	512
4490	#FFFFFF	121
4491	#FFFFFF	821
4492	#FFFFFF	821
4493	#FFFFFF	821
4494	#FFFFFF	142
4495	#FFFFFF	142
4496	#FFFFFF	142
4497	#FFFFFF	821
4498	#FFFFFF	821
4499	#FFFFFF	142
4500	#FFFFFF	142
4501	#FFFFFF	142
4502	#FFFFFF	142
4503	#FFFFFF	1016
4504	#FFFFFF	1016
4505	#FFFFFF	142
4506	#FFFFFF	1016
4507	#FFFFFF	1016
4508	#FFFFFF	1016
4509	#FFFFFF	821
4510	#FFFFFF	1016
4511	#FFFFFF	1016
4512	#FFFFFF	1016
4513	#FFFFFF	1016
4514	#FFFFFF	1016
4515	#FFFFFF	1016
4516	#FFFFFF	1016
4517	#FFFFFF	1016
4518	#FFFFFF	1016
4519	#FFFFFF	1016
4520	#FFFFFF	821
4521	#FFFFFF	1016
4522	#FFFFFF	1016
4523	#FFFFFF	1016
4524	#FFFFFF	1016
4525	#FFFFFF	1016
4526	#FFFFFF	1016
4527	#FFFFFF	142
4528	#FFFFFF	142
4529	#FFFFFF	142
4530	#FFFFFF	142
4531	#FFFFFF	821
4532	#FFFFFF	142
4533	#FFFFFF	142
4534	#FFFFFF	142
4535	#FFFFFF	512
4536	#FFFFFF	512
4537	#FFFFFF	142
4539	#FFFFFF	512
4540	#FFFFFF	512
4541	#FFFFFF	821
4542	#FFFFFF	142
4543	#FFFFFF	142
4544	#FFFFFF	142
4545	#FFFFFF	142
4546	#FFFFFF	821
4547	#FFFFFF	821
4548	#FFFFFF	821
4549	#FFFFFF	142
4550	#FFFFFF	142
4551	#FFFFFF	142
4552	#FFFFFF	142
4553	#FFFFFF	142
4554	#FFFFFF	142
4555	#FFFFFF	142
4556	#FFFFFF	142
4557	#FFFFFF	142
4558	#FFFFFF	142
4559	#FFFFFF	821
4560	#FFFFFF	142
4561	#FFFFFF	142
4562	#FFFFFF	142
4563	#FFFFFF	142
4564	#FFFFFF	142
4565	#FFFFFF	142
4566	#FFFFFF	1016
4567	#FFFFFF	1016
4568	#FFFFFF	1016
4569	#FFFFFF	142
4570	#FFFFFF	821
4571	#FFFFFF	1016
4572	#FFFFFF	142
4573	#FFFFFF	142
4574	#FFFFFF	142
4575	#FFFFFF	142
4576	#FFFFFF	142
4577	#FFFFFF	512
4578	#FFFFFF	512
4579	#FFFFFF	142
4580	#FFFFFF	512
4581	#FFFFFF	821
4582	#FFFFFF	512
4583	#FFFFFF	512
4584	#FFFFFF	512
4585	#FFFFFF	512
4586	#FFFFFF	512
4587	#FFFFFF	512
4588	#FFFFFF	512
4589	#FFFFFF	512
4590	#FFFFFF	512
4591	#FFFFFF	512
4592	#FFFFFF	821
4593	#FFFFFF	142
4594	#FFFFFF	142
4595	#FFFFFF	142
4596	#FFFFFF	142
4597	#FFFFFF	821
4598	#FFFFFF	821
4599	#FFFFFF	821
4600	#FFFFFF	142
4601	#FFFFFF	142
4602	#FFFFFF	142
4603	#FFFFFF	142
4604	#FFFFFF	142
4605	#FFFFFF	142
4606	#FFFFFF	142
4607	#FFFFFF	142
4608	#FFFFFF	142
4609	#FFFFFF	142
4610	#FFFFFF	821
4611	#FFFFFF	142
4612	#FFFFFF	142
4613	#FFFFFF	142
4614	#FFFFFF	142
4615	#FFFFFF	142
4616	#FFFFFF	142
4617	#FFFFFF	142
4618	#FFFFFF	1016
4619	#FFFFFF	1016
4620	#FFFFFF	142
4621	#FFFFFF	821
4622	#FFFFFF	142
4623	#FFFFFF	142
4624	#FFFFFF	142
4625	#FFFFFF	142
4626	#FFFFFF	512
4627	#FFFFFF	512
4628	#FFFFFF	512
4629	#FFFFFF	512
4630	#FFFFFF	142
4631	#FFFFFF	512
4632	#FFFFFF	821
4633	#FFFFFF	512
4634	#FFFFFF	512
4635	#FFFFFF	512
4636	#FFFFFF	512
4637	#FFFFFF	512
4638	#FFFFFF	512
4639	#FFFFFF	512
4640	#FFFFFF	512
4641	#FFFFFF	512
4642	#FFFFFF	821
4643	#FFFFFF	142
4644	#FFFFFF	142
4645	#FFFFFF	142
4646	#FFFFFF	142
4647	#FFFFFF	821
4648	#FFFFFF	821
4649	#FFFFFF	821
4650	#FFFFFF	142
4651	#FFFFFF	142
4652	#FFFFFF	142
4653	#FFFFFF	142
4654	#FFFFFF	142
4655	#FFFFFF	142
4656	#FFFFFF	142
4657	#FFFFFF	142
4658	#FFFFFF	142
4659	#FFFFFF	142
4660	#FFFFFF	821
4661	#FFFFFF	142
4662	#FFFFFF	142
4663	#FFFFFF	142
4664	#FFFFFF	142
4665	#FFFFFF	142
4666	#FFFFFF	142
4667	#FFFFFF	142
4668	#FFFFFF	142
4669	#FFFFFF	1016
4670	#FFFFFF	142
4671	#FFFFFF	821
4672	#FFFFFF	142
4673	#FFFFFF	142
4674	#FFFFFF	142
4675	#FFFFFF	142
4676	#FFFFFF	142
4677	#FFFFFF	512
4678	#FFFFFF	512
4679	#FFFFFF	512
4680	#FFFFFF	512
4681	#FFFFFF	512
4682	#FFFFFF	821
4683	#FFFFFF	512
4684	#FFFFFF	512
4685	#FFFFFF	512
4686	#FFFFFF	512
4687	#FFFFFF	512
4688	#FFFFFF	512
4689	#FFFFFF	512
4690	#FFFFFF	512
4691	#FFFFFF	512
4692	#FFFFFF	512
4693	#FFFFFF	821
4694	#FFFFFF	142
4695	#FFFFFF	142
4696	#FFFFFF	142
4697	#FFFFFF	142
4698	#FFFFFF	821
4699	#FFFFFF	821
4700	#FFFFFF	821
4701	#FFFFFF	142
4702	#FFFFFF	142
4703	#FFFFFF	142
4704	#FFFFFF	142
4705	#FFFFFF	142
4706	#FFFFFF	142
4707	#FFFFFF	142
4708	#FFFFFF	142
4709	#FFFFFF	142
4710	#FFFFFF	142
4711	#FFFFFF	821
4712	#FFFFFF	142
4713	#FFFFFF	142
4714	#FFFFFF	142
4715	#FFFFFF	142
4716	#FFFFFF	142
4717	#FFFFFF	142
4718	#FFFFFF	142
4719	#FFFFFF	1016
4720	#FFFFFF	1016
4721	#FFFFFF	1016
4722	#FFFFFF	821
4723	#FFFFFF	142
4724	#FFFFFF	142
4725	#FFFFFF	142
4726	#FFFFFF	142
4727	#FFFFFF	512
4728	#FFFFFF	512
4729	#FFFFFF	512
4730	#FFFFFF	512
4731	#FFFFFF	512
4732	#FFFFFF	512
4733	#FFFFFF	821
4734	#FFFFFF	512
4735	#FFFFFF	512
4736	#FFFFFF	512
4737	#FFFFFF	512
4738	#FFFFFF	512
4739	#FFFFFF	512
4740	#FFFFFF	512
4741	#FFFFFF	512
4742	#FFFFFF	512
4743	#FFFFFF	142
4744	#FFFFFF	142
4745	#FFFFFF	142
4746	#FFFFFF	142
4747	#FFFFFF	142
4748	#FFFFFF	821
4749	#FFFFFF	821
4750	#FFFFFF	821
4751	#FFFFFF	142
4752	#FFFFFF	142
4753	#FFFFFF	142
4754	#FFFFFF	142
4755	#FFFFFF	142
4756	#FFFFFF	142
4757	#FFFFFF	142
4758	#FFFFFF	142
4759	#FFFFFF	142
4760	#FFFFFF	142
4761	#FFFFFF	821
4762	#FFFFFF	142
4763	#FFFFFF	142
4764	#FFFFFF	142
4765	#FFFFFF	142
4766	#FFFFFF	142
4767	#FFFFFF	142
4768	#FFFFFF	142
4769	#FFFFFF	142
4770	#FFFFFF	1016
4771	#FFFFFF	1016
4772	#FFFFFF	821
4773	#FFFFFF	1016
4774	#FFFFFF	142
4775	#FFFFFF	142
4776	#FFFFFF	142
4777	#FFFFFF	512
4778	#FFFFFF	512
4779	#FFFFFF	512
4780	#FFFFFF	512
4781	#FFFFFF	512
4782	#FFFFFF	512
4783	#FFFFFF	821
4784	#FFFFFF	512
4785	#FFFFFF	512
4786	#FFFFFF	512
4787	#FFFFFF	512
4788	#FFFFFF	512
4789	#FFFFFF	512
4790	#FFFFFF	512
4791	#FFFFFF	512
4792	#FFFFFF	512
4793	#FFFFFF	512
4794	#FFFFFF	821
4795	#FFFFFF	821
4796	#FFFFFF	142
4797	#FFFFFF	142
4798	#FFFFFF	142
4799	#FFFFFF	821
4800	#FFFFFF	821
4801	#FFFFFF	821
4802	#FFFFFF	142
4803	#FFFFFF	142
4804	#FFFFFF	142
4805	#FFFFFF	142
4806	#FFFFFF	142
4807	#FFFFFF	142
4808	#FFFFFF	142
4809	#FFFFFF	142
4810	#FFFFFF	142
4811	#FFFFFF	142
4812	#FFFFFF	821
4813	#FFFFFF	142
4814	#FFFFFF	142
4815	#FFFFFF	142
4816	#FFFFFF	142
4817	#FFFFFF	142
4818	#FFFFFF	142
4819	#FFFFFF	142
4820	#FFFFFF	1016
4821	#FFFFFF	1016
4822	#FFFFFF	1016
4823	#FFFFFF	821
4824	#FFFFFF	142
4825	#FFFFFF	142
4826	#FFFFFF	142
4827	#FFFFFF	142
4828	#FFFFFF	512
4829	#FFFFFF	512
4830	#FFFFFF	512
4831	#FFFFFF	512
4832	#FFFFFF	512
4833	#FFFFFF	512
4834	#FFFFFF	821
4835	#FFFFFF	512
4836	#FFFFFF	512
4837	#FFFFFF	512
4838	#FFFFFF	512
4839	#FFFFFF	512
4840	#FFFFFF	512
4841	#FFFFFF	512
4842	#FFFFFF	512
4843	#FFFFFF	512
4844	#FFFFFF	821
4845	#FFFFFF	821
4846	#FFFFFF	142
4847	#FFFFFF	142
4848	#FFFFFF	142
4849	#FFFFFF	821
4850	#FFFFFF	821
4851	#FFFFFF	821
4852	#FFFFFF	142
4853	#FFFFFF	142
4854	#FFFFFF	142
4855	#FFFFFF	142
4856	#FFFFFF	142
4857	#FFFFFF	142
4858	#FFFFFF	142
4859	#FFFFFF	142
4860	#FFFFFF	142
4861	#FFFFFF	142
4862	#FFFFFF	821
4863	#FFFFFF	821
4864	#FFFFFF	142
4865	#FFFFFF	142
4866	#FFFFFF	142
4867	#FFFFFF	142
4868	#FFFFFF	142
4869	#FFFFFF	142
4870	#FFFFFF	1016
4871	#FFFFFF	1016
4872	#FFFFFF	1016
4873	#FFFFFF	821
4874	#FFFFFF	142
4875	#FFFFFF	142
4876	#FFFFFF	142
4877	#FFFFFF	142
4878	#FFFFFF	512
4879	#FFFFFF	512
4880	#FFFFFF	512
4881	#FFFFFF	512
4882	#FFFFFF	512
4883	#FFFFFF	512
4884	#FFFFFF	821
4885	#FFFFFF	512
4886	#FFFFFF	512
4887	#FFFFFF	512
4888	#FFFFFF	512
4889	#FFFFFF	512
4890	#FFFFFF	512
4891	#FFFFFF	512
4892	#FFFFFF	512
4893	#FFFFFF	512
4894	#FFFFFF	512
4895	#FFFFFF	821
4896	#FFFFFF	821
4897	#FFFFFF	142
4898	#FFFFFF	142
4899	#FFFFFF	142
4900	#FFFFFF	821
4901	#FFFFFF	821
4902	#FFFFFF	821
4903	#FFFFFF	142
4904	#FFFFFF	142
4905	#FFFFFF	142
4906	#FFFFFF	142
4907	#FFFFFF	142
4908	#FFFFFF	821
4909	#FFFFFF	142
4910	#FFFFFF	142
4911	#FFFFFF	821
4912	#FFFFFF	821
4913	#FFFFFF	821
4914	#FFFFFF	142
4915	#FFFFFF	142
4916	#FFFFFF	142
4917	#FFFFFF	142
4918	#FFFFFF	142
4919	#FFFFFF	142
4920	#FFFFFF	142
4921	#FFFFFF	142
4922	#FFFFFF	142
4923	#FFFFFF	142
4924	#FFFFFF	821
4925	#FFFFFF	142
4926	#FFFFFF	142
4927	#FFFFFF	142
4928	#FFFFFF	512
4929	#FFFFFF	512
4930	#FFFFFF	512
4931	#FFFFFF	512
4932	#FFFFFF	512
4933	#FFFFFF	512
4934	#FFFFFF	512
4935	#FFFFFF	821
4936	#FFFFFF	512
4937	#FFFFFF	512
4938	#FFFFFF	512
4939	#FFFFFF	512
4940	#FFFFFF	512
4941	#FFFFFF	512
4942	#FFFFFF	512
4943	#FFFFFF	512
4944	#FFFFFF	512
4945	#FFFFFF	821
4946	#FFFFFF	142
4947	#FFFFFF	142
4948	#FFFFFF	142
4949	#FFFFFF	142
4950	#FFFFFF	821
4951	#FFFFFF	821
4952	#FFFFFF	821
4953	#FFFFFF	142
4954	#FFFFFF	142
4955	#FFFFFF	142
4956	#FFFFFF	142
4957	#FFFFFF	821
4958	#FFFFFF	821
4959	#FFFFFF	142
4960	#FFFFFF	142
4961	#FFFFFF	821
4962	#FFFFFF	821
4963	#FFFFFF	821
4964	#FFFFFF	821
4965	#FFFFFF	142
4966	#FFFFFF	142
4967	#FFFFFF	142
4968	#FFFFFF	142
4969	#FFFFFF	142
4970	#FFFFFF	142
4971	#FFFFFF	142
4972	#FFFFFF	142
4973	#FFFFFF	142
4974	#FFFFFF	821
4975	#FFFFFF	142
4976	#FFFFFF	142
4977	#FFFFFF	142
4978	#FFFFFF	512
4979	#FFFFFF	512
4980	#FFFFFF	512
4981	#FFFFFF	512
4982	#FFFFFF	512
4983	#FFFFFF	512
4984	#FFFFFF	512
4985	#FFFFFF	821
4986	#FFFFFF	512
4987	#FFFFFF	512
4988	#FFFFFF	512
4989	#FFFFFF	512
4990	#FFFFFF	512
4991	#FFFFFF	512
4992	#FFFFFF	512
4993	#FFFFFF	512
4994	#FFFFFF	512
4995	#FFFFFF	512
4996	#FFFFFF	821
4997	#FFFFFF	142
4998	#FFFFFF	821
4999	#FFFFFF	142
5000	#FFFFFF	142
5001	#FFFFFF	821
5002	#FFFFFF	821
5003	#FFFFFF	821
5004	#FFFFFF	142
5005	#FFFFFF	142
5006	#FFFFFF	821
5007	#FFFFFF	821
5008	#FFFFFF	821
5009	#FFFFFF	142
5010	#FFFFFF	142
5011	#FFFFFF	821
5012	#FFFFFF	821
5013	#FFFFFF	821
5014	#FFFFFF	821
5015	#FFFFFF	821
5016	#FFFFFF	142
5017	#FFFFFF	142
5018	#FFFFFF	142
5019	#FFFFFF	142
5020	#FFFFFF	142
5021	#FFFFFF	142
5022	#FFFFFF	142
5023	#FFFFFF	142
5024	#FFFFFF	142
5025	#FFFFFF	821
5026	#FFFFFF	142
5027	#FFFFFF	142
5028	#FFFFFF	142
5029	#FFFFFF	512
5030	#FFFFFF	512
5031	#FFFFFF	512
5032	#FFFFFF	512
5033	#FFFFFF	512
5034	#FFFFFF	512
5035	#FFFFFF	512
5036	#FFFFFF	821
5037	#FFFFFF	512
5038	#FFFFFF	512
5039	#FFFFFF	512
5040	#FFFFFF	512
5041	#FFFFFF	512
5042	#FFFFFF	512
5043	#FFFFFF	512
5044	#FFFFFF	512
5045	#FFFFFF	512
5046	#FFFFFF	821
5047	#FFFFFF	821
5048	#FFFFFF	142
5049	#FFFFFF	142
5050	#FFFFFF	142
5051	#FFFFFF	821
5052	#FFFFFF	821
5053	#FFFFFF	821
5054	#FFFFFF	142
5055	#FFFFFF	142
5056	#FFFFFF	821
5057	#FFFFFF	821
5058	#FFFFFF	142
5059	#FFFFFF	142
5060	#FFFFFF	142
5061	#FFFFFF	142
5062	#FFFFFF	821
5063	#FFFFFF	821
5064	#FFFFFF	821
5065	#FFFFFF	821
5066	#FFFFFF	821
5067	#FFFFFF	142
5068	#FFFFFF	142
5069	#FFFFFF	142
5070	#FFFFFF	142
5071	#FFFFFF	142
5072	#FFFFFF	142
5073	#FFFFFF	142
5074	#FFFFFF	142
5075	#FFFFFF	821
5076	#FFFFFF	142
5077	#FFFFFF	142
5078	#FFFFFF	142
5079	#FFFFFF	142
5080	#FFFFFF	512
5081	#FFFFFF	512
5082	#FFFFFF	512
5083	#FFFFFF	512
5084	#FFFFFF	512
5085	#FFFFFF	512
5086	#FFFFFF	821
5087	#FFFFFF	512
5088	#FFFFFF	512
5089	#FFFFFF	512
5090	#FFFFFF	512
5091	#FFFFFF	512
5092	#FFFFFF	512
5093	#FFFFFF	512
5094	#FFFFFF	512
5095	#FFFFFF	512
5096	#FFFFFF	512
5097	#FFFFFF	821
5098	#FFFFFF	821
5099	#FFFFFF	821
5100	#FFFFFF	142
5101	#FFFFFF	142
